1.574
1.792
-3.632
0.85
0.154
3.369
4.459
4.031
1.35
2.89
2.8
1.335
0.336
-1.832
-0.563
0.604
1.579
1.744
1.886
4.201
0.844
2.475
1.065
-1.725
-3.882
1.694
0.023
-1.029
1.573
0.372
-1.143
-0.902
-2.219
1.444
2.465
-0.858
6.364
3.691
-0.783
-2.819
2.02
-2.936
0.208
1.542
0.205
0.311
-0.51
3.8
0.061
-1.73
-3.186
7.654
2.547
-0.761
-1.449
-2.671
2.199
-1.513
2.952
0.588
0.698
1.437
0.151
-1.861
0.452
0.179
1.233
-0.253
1.034
-0.27
-2.059
1.435
1.265
-0.226
-0.512
-0.966
-0.693
1.744
0.738
1.073
-1.029
2.518
1.787
0.142
-2.032
1.469
7.265
-0.156
-0.368
2.132
1.03
1.843
1.654
0.487
-3.472
0.815
1.754
-1.211
3.327
-1.82
1.744
-2.05
0.47
1.09
-4.389
0.482
0.905
1.311
3.804
0.121
1.254
-0.83
0.78
0.12
3.123
0.016
0.541
-0.13
0.291
-0.976
-0.234
2.317
0.652
-2.964
1.564
3.19
1.5
1.216
0.473
-0.078
0.12
0.223
0.402
-0.13
0.152
1.886
1.886
1.886
-3.717
-1.097
1.904
2.632
-0.925
2.034
0.739
-0.163
7.102
-1.921
-0.15
2.149
1.191
3.114
-0.69
-1.239
2.527
1.627
2.145
-1.08
-0.574
3.528
1.815
0.86
1.511
3.55
0.011
1.444
-1.745
1.954
-0.108
-2.226
1.614
2.003
-0.362
4.183
-0.779
1.42
-1.029
-0.498
1.489
1.556
0.134
1.447
1.812
3.891
0.635
-0.249
0.23
-0.79
-0.904
1.028
-0.694
0.518
0.207
-1.167
-0.723
5.618
3.353
1.451
0.661
4.863
-0.214
2.079
1.672
-0.33
1.289
1.466
2.835
2.528
-1.787
-1.868
2.271
-0.054
-0.297
0.868
0.766
2.882
-0.262
-0.971
0.598
0.169
-4.601
-1.239
-1.845
2.191
0.217
2.199
2.976
1.672
1.744
-0.649
2.564
1.82
0.661
1.09
1.84
0.84
0.38
2.315
-0.671
2.865
0.111
2.55
4.039
6.458
0.529
2.951
2.267
0.903
11.203
2.595
1.02
-0.51
0.188
-2.667
2.471
0.008
-2.982
-0.061
-1.45
1.796
1.511
1.905
2.907
-0.062
-2.724
-2.902
0.941
1.213
1.53
1.071
0.77
-0.238
1.984
3.666
-0.1
1.845
-2.964
1.6
-0.035
-2.217
2.969
4.601
2.484
2.484
1.381
2.323
1.536
1.502
1.313
2.795
2.748
0.847
0.499
1.744
2.325
-0.056
-0.383
0.15
0.985
-2.657
0.655
5.169
4.625
0.582
0.353
-2.255
1.08
10.953
1.557
-1.851
-0.393
1.124
-2.257
1.229
1.788
-2.907
1.941
0.371
1.121
0.17
1.547
-0.72
13.003
1.239
1.935
5.151
3.413
1.227
1.243
0.968
1.221
1.532
3.063
1.842
2.078
1.934
2.421
0.436
2.359
0.673
0.871
1.899
1.885
-0.139
-0.209
-1.409
7.504
1.403
0.689
3.471
-0.035
3.471
0.016
-1.73
2.038
-0.099
1.966
-4.655
-1.783
-0.902
-0.755
3.224
3.279
1.632
1.04
-0.859
-0.303
-0.405
1.766
1.311
0.7
3.422
3.172
0.356
0.698
1.264
1.909
1.886
-0.297
2.001
2.707
2.985
1.861
4.154
1.624
2.533
3.418
1.728
1.739
2.85
3.142
1.512
0.401
0.268
2.297
1.096
-1.253
1.37
1.097
-2.858
0.551
2.39
2.272
0.763
1.499
1.845
-0.345
1.406
0.834
1.672
1.019
2.449
-1.233
1.34
0.292
1.49
-0.217
0.82
0.478
0.782
0.582
1.714
1.481
1.768
-1.152
-1.504
-0.035
0.231
3.467
3.408
-5.025
0
1.478
0.179
-1.786
0.653
-1.291
1.718
0.227
3.536
0.51
4.032
2.675
2.312
3.424
8.845
0.173
5.992
7.699
6.43
3.048
0.553
0.349
1.562
2.265
0.326
2.357
1.886
1.483
4.906
7.054
3.391
-1.377
0.003
-0.295
-2.726
2.286
2.161
7.054
-2.68
4.122
1.103
6.17
1.331
2.617
2.036
0.406
2.298
0.33
-0.02
1.744
0.656
0.974
1.756
2.367
-0.091
-2.26
4.752
1.33
2.342
2.184
1.939
3.899
9.243
6.087
1.597
3.938
-0.673
1.223
1.305
-0.767
0.486
-1.619
-2.843
0.741
-0.026
0.017
-1.178
0.327
3.827
3.725
-0.129
1.754
0.979
-0.322
-1.425
-0.243
0.693
2.132
0.632
-0.404
0.243
4.526
3.2
-0.44
-0.348
0.442
5.083
1.954
-0.655
2.088
0.272
-2.364
2.002
1.748
-3.511
-1.567
-1.084
-0.001
2.773
1.154
-1.48
0.099
1.741
-1.267
0.987
-1.816
0.292
0.525
-0.665
4.805
-0.59
-1.73
2.096
-0.151
1.151
1.9
0.13
1.807
0.487
-0.898
1.307
0.819
3.04
-3.309
-1.267
1.145
-3.582
-3.415
-2.682
-0.052
-3.261
4.398
2.915
2.21
-0.712
0.857
-0.957
-0.855
1.387
3.24
-0.349
0.888
0.181
2.256
-0.227
4.427
0.496
0.774
-1.766
1.47
0.974
0.45
-3.369
2.483
1.886
-1.317
-4.513
1.574
1.719
-0.301
-0.36
0.341
-4.829
1.468
2.263
-0.381
-1.015
2.465
2.47
-4.763
-3.045
0.089
-4.867
-2.906
-1.548
1.071
1.563
1.227
-1.053
-0.142
4.707
-1.08
2.084
4.485
3.622
-0.446
0.206
1.274
1.187
2.347
1.838
1.042
3.296
4.782
0.218
0.47
-0.446
0.684
0.948
5.168
5.211
1.743
0.556
5.912
1.667
-1.537
1.496
3.49
1.481
0.328
0.958
-1.047
-5.9
-1.398
-0.279
0.313
2.179
1.124
1.923
0.151
-0.137
1.082
0.974
4.079
0.79
0.638
1.082
-2.319
1.253
2.674
1.289
0.489
-0.058
3.529
1.351
0.79
0.844
-3.128
0.494
-1.794
-5.524
2.37
1.375
1.432
-0.807
-0.826
-0.895
1.689
0.011
-0.276
1.435
1.472
0.653
1.536
1.173
2.372
0.352
-4.405
-3.57
1.376
1.177
-2.086
-0.124
1.33
3.601
0.646
-0.657
-1.202
1.886
1.742
-0.165
-0.857
6.71
0.244
1.353
2.061
1.666
0.784
-1.172
-0.304
-4.162
1.744
2.088
-4.308
1.436
0.895
3.054
-0.471
-0.541
-1.444
3.647
7.571
1.052
-0.11
-3.282
-0.079
0.21
-0.023
1.975
1.975
-0.007
3.835
2.516
-1.42
2.953
0.07
5.028
0.216
-1.995
-0.069
0.654
-0.282
0.998
1.161
1.091
1.144
-1.638
0.844
-0.634
0.538
1.17
1.886
0.959
1.985
-0.332
2.413
2.097
-1.717
0.538
-0.37
0.12
-3.507
1.582
-0.459
1.18
0.169
6.582
0.573
2.383
0.97
0.666
2.387
0.146
1.744
1.886
-2.559
0.636
2.314
0.455
-1.524
-1.774
1.045
-0.393
-0.278
0.169
1.983
1.695
-0.031
0.559
3.45
-2.123
-1.429
-0.251
0.795
1.647
2.956
2.096
1.146
1.243
-0.217
1.951
2.05
0.745
1.368
1.324
2.199
-0.043
1.676
5.306
1.426
1.764
2.915
1.744
1.146
2.37
5.304
1.927
0.332
2.703
0.78
6.161
1.8
1.678
0.672
0.774
0.692
0.571
0.556
0.925
-1.712
0.424
2.887
0.431
0.306
-0.907
0.085
7.237
-1.702
3.238
-0.344
3.2
1.91
-2.091
0.912
3.2
0.473
0.65
0.298
0.96
0.49
7.879
6.498
-3.061
2.883
2.075
3.379
7.554
-0.857
1.681
0.315
1.315
0.916
-1.047
-0.641
-0.012
0.959
1.579
0.666
-0.204
1.29
-0.194
0.114
-0.085
1.194
0.501
0.114
1.055
0.658
1.91
3.134
-1.68
0.805
1.676
0.205
1.098
4.82
0.626
2.405
2.423
2.173
2.059
0.9
0.044
1.813
1.677
0.293
5.435
-4.651
1.056
-0.685
-1.58
1.586
1.516
1.744
1.071
-3.466
1.534
0.684
-2.283
1.89
2.173
0.394
-0.296
1.922
-1.172
1.534
0.743
-1.696
-0.17
2.11
1.11
0.412
-1.087
1.566
0.742
1.324
1.751
3.944
0.655
0.982
-1.047
0.02
-0.392
0.689
5.726
0.761
1.583
1.318
-0.136
0.866
-2.642
0.318
-2.485
-0.936
-0.757
-1.131
3.568
5.863
0.932
1.061
0.894
0.724
-0.072
-2.439
0.181
1.664
1.664
-1.208
0.277
-4.111
-0.213
0.136
1.21
1.918
4.926
-5.149
2.587
-1.337
2.355
-1.975
3.057
0.92
1.414
1.003
2.807
1.066
1.793
4.997
-5.733
0.136
2.295
-0.922
0.127
5.776
0.984
5.526
-0.994
-0.108
-0.395
1.172
-0.344
1.999
1.15
1.593
2.502
1.607
1.596
3.341
-4.361
-1.27
0.958
0.467
1.606
-0.855
0.354
-0.338
3.782
1.34
0.098
-0.111
-1.61
-5.24
-5.49
-2.585
1.954
-0.49
1.547
3.023
-1.2
2.534
-0.662
1.341
1.899
-5.786
0.531
1.953
-0.71
-1.267
-0.22
0.867
2.605
-0.365
3.558
1.194
1.408
-0.96
1.23
5.462
0.323
2.381
0.15
-1.456
-0.057
-1.706
6.656
0.421
-1.225
1.138
0.685
0.766
0.981
1.512
1.791
1.888
-0.778
1.295
2.337
0.134
1.886
2.851
-0.727
2.317
-1.11
-0.918
0.223
0.82
1.98
-0.13
0.152
2.676
0.647
2.163
1.306
2.255
1.759
0.688
-0.761
1.271
4.226
1.879
1.957
-1.044
2.542
7.305
0.616
0.724
0.509
1.371
0.136
-0.241
0.316
0.718
-1.003
1.739
2.335
1.744
0.22
7.407
1.106
7.075
-0.82
-1.895
1.886
2.047
0.827
4.699
0.567
0
-0.568
-0.82
0.534
-0.281
2.327
0.209
2.414
0.984
1.255
-1.267
1.238
-0.309
0.656
0.26
0.479
1.204
-1.047
0.788
0.261
2.221
1.707
1.649
-0.82
2.748
0.745
-2.073
-0.289
0.103
0.103
-0.035
-0.88
-1.267
1.647
0.545
8.726
0.232
2.114
1.864
0.511
0.998
0.998
0.998
0.743
3.53
1.972
2.915
-0.306
0.684
-0.059
2.266
4.544
4.802
-0.948
-1.042
2.011
1.886
1.812
0.924
1.167
1.494
-3.612
-0.706
1.599
1.868
1.443
-0.418
1.87
1.792
1.396
0.601
1.642
3.158
-0.384
0.071
0.942
0.704
3.135
1.617
1.579
-4.831
1.59
-4.291
2.199
-2.013
2.476
0.093
0.081
1.375
-0.954
0.349
1.675
1.69
1.319
5.738
5.488
-3.408
1.651
1.17
0.654
-0.15
-0.443
0.534
-1.421
2.15
2.15
1.791
2.15
-1.185
2.726
1.886
0.959
0.421
1.308
1.148
1.11
5.843
0.162
0.914
5.703
10.293
0.644
1.003
1.127
-0.63
1.895
-1.42
-0.472
0.034
1.744
1.744
-0.634
0.506
11.442
1.686
0.624
-1.204
2.305
-1.827
1.299
1.049
0.728
-4.667
3.72
5.597
0.829
-0.886
1.731
-0.886
1.089
2.008
1.744
-1.461
-0.25
1.294
2.498
1.228
2.392
0.374
0.725
1.508
0.845
-0.886
3.436
4.699
-0.893
3.48
2.915
1.584
-1.303
4.699
-2.101
1.28
-0.785
2.233
1.059
2.135
1.566
2.6
2.524
0.21
-0.004
-1.673
0.473
0.259
0.541
0.223
0.009
0.291
-0.217
-0.551
0.936
-3.339
-1.271
2.788
0.487
-0.353
0.457
-0.503
0.145
-3.589
1.84
0.689
-1.188
-0.443
-6.182
-0.071
1.848
-0.331
0.266
0.943
0.502
2.007
-2.485
2.915
-4.802
1.611
1.484
0.853
0.486
0.773
3.29
9.227
2.185
-0.813
-0.753
1.579
-0.617
0.073
1.903
0.073
-0.176
0.996
-1.26
1.671
7.255
1.697
1.146
0.259
-2.04
-0.303
0.009
2.827
1.198
2.053
0.386
2.699
1.203
1.409
0.721
2.702
0.648
1.069
0.69
3.755
1.24
0.342
-0.695
-0.733
-0.532
-1.14
1.579
3.214
0.431
0.18
0.395
4.038
0.479
1.18
0.491
0.417
0.417
7.235
1.509
0.653
0.664
0.567
3.966
1.419
0.073
0.541
0.016
1.066
1.066
0.291
-0.234
2.818
1.673
2.875
0.043
0.473
0.12
0.402
1.579
0.88
1.318
1.318
0.779
0.631
-0.052
1.877
-0.534
1.146
-0.667
-1.482
1.768
1.867
-7.166
1.868
2.122
1.812
0.975
0.055
2.536
1.587
4.03
0.625
0.883
1.581
1.226
1.29
0.975
-0.091
0.507
0.756
-0.667
3.741
-0.22
0.364
4.31
1.508
1.616
1.431
2.297
-0.344
-1.97
-0.65
-3.135
2.195
1.085
2.838
5.34
0.975
1.497
0.489
0.762
-0.542
-0.57
-4.063
-0.051
1.647
1.496
1.441
-0.043
-0.668
-0.544
0.325
0.159
6.626
1.946
1.39
0.891
2.008
0.281
1.125
1.606
-0.582
0.387
-1.765
0.504
-1.396
0.108
-0.606
3.441
0.045
1.744
0.276
-0.035
10.039
0.943
0.063
0.07
1.734
1.699
1.012
-0.899
2.014
-0.142
1.579
1.647
1.886
-0.947
-0.986
-2.241
-0.755
2.792
-0.179
0.731
0.792
0.562
-0.043
0.06
0.943
3.444
2.659
1.55
2.054
1.609
1.716
1.886
2.288
-0.363
0.974
1.569
-0.158
2.357
2.149
-0.824
-0.856
-0.139
1.547
1.165
1.509
0.943
1.257
1.045
1.056
1.629
1.619
1.365
4.78
1.943
0.943
2.259
-2.72
2.376
3.256
1.732
0.44
0.429
0.375
1.493
0.72
-1.298
-1.548
-0.761
0.204
3.658
-0.565
-0.008
2.057
0.943
0.853
0.042
1.986
3.408
3.798
2.019
0.652
0.542
2.667
1.364
1.782
-0.602
-0.602
1.322
0.729
0.674
0.96
-0.812
-1.485
1.139
-0.162
3.145
-1.253
4.86
0.943
-0.32
2.839
1.068
0.207
2.773
0.919
1.147
-0.297
-0.035
1.496
0.165
1.479
0.943
0.568
-0.425
2.772
-0.72
1.318
1.533
1.068
1.068
2.9
0.147
0.402
0.587
1.579
3.141
2.053
3.041
1.549
1.504
1.386
3.395
4.188
0.501
3.421
2.547
0.315
0.03
2.773
1.886
1.672
-0.05
2.182
2.765
-0.695
1.019
0.516
0.942
1.845
-0.341
-1.265
1.504
-0.532
0.468
-4.238
0.374
-0.445
2.749
3.433
-1.229
-1.479
1.299
0.662
-0.746
2.187
1.136
1.664
-2.053
1.886
-1.621
1.655
1.321
1.388
0.943
1.147
1.395
1.471
1.542
1.221
-2.97
-1.141
10.01
0.442
0.619
1.744
1.361
1.579
1.124
0.435
3.822
-0.657
-1.677
1.601
1.907
2.579
0.081
1.033
1.577
0.813
1.371
1.977
3.659
2.109
-1.032
-0.869
-0.586
2.711
-1.179
-0.263
1.593
1.287
1.47
3.426
2.341
1.986
0.152
-0.154
1.042
2.457
1.647
0.607
-1.147
0.248
0.295
-0.484
1.7
-0.288
0.502
-0.002
1.68
0.068
1.43
1.472
0.802
1.764
0.652
7.332
5.437
1.233
0.3
2.451
-2.513
7.403
-2.1
3.21
1.808
1.418
1.357
0.958
2.473
-0.322
4.877
3.429
2.023
3.214
2.239
-1.062
-1.396
1.979
0.185
1.103
1.225
-0.149
0.479
-0.867
1.793
1.501
0.931
-0.759
2.062
-0.056
-0.362
-0.523
-0.442
-0.908
0.728
1.582
1.725
-1.117
1.903
1.475
1.228
1.175
1.744
1.744
-0.93
1.716
0.478
-0.777
1.764
3.313
2.791
2.043
3.035
-1.386
2.04
1.614
0.618
0.263
2.14
-1.747
-1.234
1.727
1.905
0.494
2.58
2.029
1.69
0.689
0.769
0.225
1.79
1.53
1.353
1.479
0.508
0.34
2.701
0.808
2.759
3.282
-1.431
3.166
0.401
4.912
3.329
6.381
-0.51
0.068
3.496
0.226
3.275
0.606
1.77
2.057
1.317
-1.201
-0.215
-0.532
0.572
1.703
0.639
0.44
0.233
-0.191
-0.111
-0.361
-0.042
-0.191
1.332
0.507
1.744
-1.559
-0.906
0.209
-3.299
1.217
0.863
1.586
0.506
1.741
4.121
-1.189
-2.717
-0.114
1.432
-0.158
0.07
5.502
0.341
2.069
0.063
0.391
0.687
0.672
0.62
1.828
-0.566
1.223
2.131
-4.462
-0.677
1.805
0.336
1.643
4.306
1.548
1.088
1.134
1.244
1.944
0.67
1.592
2.042
1.43
0.431
-0.188
1.342
0
0.647
-0.306
-2.641
1.647
1.647
2.106
5.472
1.801
-1.523
-0.362
2.082
7.005
-0.643
0.763
-0.294
1.025
-0.051
2.02
0.095
1.121
-1.654
12.433
12.433
4.508
0.399
1.163
-1.07
0.514
0.399
2.44
2.802
0.033
1.527
2.332
0.36
0.792
2.038
1.522
1.937
1.306
0.533
-4.827
-0.406
-1.614
0.322
5.834
-1.612
-1.38
-1.38
6.88
1.762
-0.166
1.95
0.806
2.838
0.901
0.483
0.397
-2.653
3.359
0.315
1.744
0.818
2.249
-0.388
1.619
0.441
5.389
2.703
-0.348
0.996
-0.832
-0.864
-0.259
1.535
1.261
-8.101
1.124
-0.607
1.45
1.042
1.469
1.884
0.681
3.013
-1.044
0.984
1.102
-1.562
2.737
1.634
1.077
0.56
1.306
-1.763
0.048
10.585
2.8
3.11
1.94
-1.661
-0.285
0.783
-0.18
2.143
