0.333
-1.313
1.893
0.565
0
0
0
0
0.847
0.374
0
4.308
1.172
2.183
1.605
0.58
-0.109
1.65
0
-0.109
-0.109
0.717
-0.333
0
3.92
0.956
0
0.271
1.899
-0.109
0.086
-0.164
2.478
3.535
1.171
0
6.812
1.036
-1.204
0.407
-4.999
-2.464
0.918
0.036
0.478
0
0.472
-5.708
1.169
2.402
0
-0.323
0.376
-0.214
0.766
1.029
0
0
0.407
0.919
-0.109
6.226
-0.901
0.544
2.454
-0.774
0
-1.332
4.308
0
-0.62
0
0.478
4.22
-1.695
0.288
0
0
0.076
1.311
0.174
0
-0.519
-1.456
-1.13
0
0.18
0.29
0.29
1.992
-2.49
0.118
1.212
-0.109
0.369
5.076
0.423
-0.184
0
-0.713
0.11
0.488
0
-0.185
2.344
2.707
0
0.565
0.478
0.701
-0.102
1.244
-1.295
-0.459
2.664
-0.108
0
0
0.675
0.716
0.407
4.955
4.891
-5.344
0.847
-0.323
-0.214
-0.109
-0.058
-0.109
-0.214
0.118
0
0
0.001
-0.496
1.78
1.214
-3.678
3.112
0.336
-1.13
0.255
-3.931
0.149
0.106
0
-0.308
1.171
-0.408
4.38
-2.16
1.221
-0.109
0
-1.6
4.167
0
0
0
2.385
-1.26
-0.109
0.478
0
0.172
-4.999
0.155
0
-0.109
-2.761
1.487
-0.308
0.407
-1.783
-0.823
-0.9
-0.109
0
2.09
0
-1.016
1.103
-0.556
0.669
-6.4
-2.649
0
0
1.48
2.135
-0.557
0
-1.92
0
-0.109
3.377
-0.109
0.697
-0.003
-0.214
0
0
0
0.255
0.02
1.1
2.117
0.478
-0.109
0.284
-0.109
-0.099
0
0.478
-0.109
0
0.521
0.638
0
0.883
-0.945
1.618
-1.588
-0.206
0.774
0.289
-0.184
1.577
-0.621
-0.109
-5.322
-0.108
0.594
2.445
1.025
0
6.107
0.622
0
0.509
0
0
-0.676
2.462
-0.109
0.932
-2.464
2.054
0
0
-8.505
1.649
0.976
-1.233
0.413
1.415
5.785
0
0.072
1.052
-0.402
-0.109
0.706
0
0.717
-0.323
1.356
1.234
-2.931
-3.961
-2.16
0.065
0.036
4.66
-0.109
1.439
0.523
1.75
0.775
0
-0.165
0.9
0
0
-6.447
-0.358
0.037
2.573
0.29
-0.871
0.255
0
-0.652
0.735
1.581
0.521
0.327
0.118
-0.025
-1.298
1.063
-0.109
0
1.474
0
0.309
-0.622
0
1.469
-0.993
1.521
0
1.091
0
-1.105
2.883
0.041
1.025
-0.109
0
0.112
-0.109
-0.929
-0.139
-1.13
-0.109
-0.259
-4.503
-1.1
-6.447
-0.109
-0.109
1.212
0.29
0.434
0.818
-0.323
1.123
-0.459
0.124
0.401
0
0.255
0.041
-2.92
0.255
0.577
-0.214
-0.243
-0.398
-3.252
-0.109
0
1.761
-0.713
-0.438
-0.62
0
1.474
0.29
0.392
0.861
2.27
-1.685
0.168
0.774
0
1.988
0
0
0
0.116
0
-2.649
-0.889
0
0
0
0.887
-0.62
2.0
0
-0.109
0
0.811
1.026
-0.92
-2.205
1.101
0.29
0
-0.451
2.634
-0.102
21.423
-0.615
-0.31
1.605
0
1.858
0
-1.35
0
1.39
-2.93
0
0.597
1.276
-8.954
0.478
-0.382
0.478
-1.811
-0.276
0
-1.031
-0.214
0.065
0.883
-0.226
0
-0.033
2.634
0
0
-0.012
0.324
0.373
-1.673
0
0.114
1.475
1.212
-0.913
-0.026
4.373
-0.109
0.434
0.811
1.75
-3.49
1.282
2.81
0
-0.792
-1.13
-0.621
-2.16
-2.269
0.369
1.276
0
0
0.157
0.59
0
0
-0.749
-0.015
0
0.02
0
0.436
-2.16
0
0
0.407
2.263
0
1.361
0.29
0.478
0
0
0.774
2.27
0.29
0.613
0
-1.527
-1.835
0
2.417
-2.474
0
-0.765
0
-0.621
1.436
1.083
5.0
0
0.976
-0.052
-0.907
-3.115
0
-5.593
1.218
0.478
2.655
2.564
2.463
0.144
-1.625
1.649
0.091
0.478
1.668
1.089
-0.421
0.345
0
0.787
0.692
0.543
-0.109
0
0
2.493
-0.96
-1.317
0.739
0
0.106
0
-0.1
-9.888
0
-0.306
0.865
-0.278
0.407
0
-0.109
2.551
-0.153
-4.579
0
-1.709
1.02
-0.656
1.494
0
-0.758
2.109
0.021
-0.263
1.649
-2.078
-1.588
-5.888
0
1.024
-0.109
0.229
-1.718
0.389
-0.652
0
1.586
1.02
1.127
0
0.315
0.746
-0.547
0
-6.4
0.883
-0.012
0
0.54
-0.694
0.37
-1.08
1.01
-0.518
0
0
1.212
-1.973
-0.109
0.434
-5.791
1.171
0
0
-0.652
-0.154
0.478
-0.398
0.434
0.343
-0.032
-0.895
-0.461
1.798
-0.511
2.039
2.21
2.186
0.704
0
-2.448
5.0
0
-0.109
-0.242
1.169
0
-0.109
0
-3.694
0
-0.421
0
-4.709
0
0
-2.16
1.649
0
1.243
0.139
-0.109
4.563
0.666
0.047
-6.4
0
1.672
0.313
0.181
0
-0.408
-0.109
-0.33
-0.109
1.499
0
0.031
0
1.689
-0.191
0.434
-0.109
-6.4
-7.169
-1.344
1.577
0
1.062
2.233
0.262
0.625
5.216
1.613
1.101
2.271
0.55
0
1.171
0.407
-0.857
-8.73
-1.861
0.29
0.434
-0.944
0
-7.375
0.354
0
0.228
0.669
0
0
1.02
0.656
0.37
0.106
0
-0.907
0
0.337
0
1.503
1.786
-0.323
-0.649
4.882
5.521
-3.21
-1.277
1.58
7.24
0.29
1.013
1.456
0.756
0
0.551
-1.031
0.521
0.478
0
0
2.809
0.426
1.171
0
0
0.181
0
0
0
-1.13
0.29
0
1.034
-1.274
0.799
0
0
0.55
4.855
-0.109
-0.442
0
0.379
1.243
0
4.301
0.504
1.311
5.722
-3.432
0.277
-0.169
-0.941
0.391
1.214
-1.636
1.14
0
2.653
0.29
0
0
1.171
2.493
0.861
0.112
0.106
1.805
0.686
1.839
0.721
0
0.883
-1.527
0
0
-12.477
1.303
-2.174
0
-1.112
-0.502
0.106
2.285
0.29
2.003
0.177
0.255
0.574
-1.349
-3.905
0
0.106
-0.109
-2.144
-0.31
0.391
-4.809
-1.13
-1.603
0.218
0.29
-1.016
0
-0.459
1.864
1.171
-4.099
0.478
0
1.223
-2.174
1.503
1.469
0
0
5.101
-0.258
-0.895
0.391
0.883
0.544
1.872
1.129
0
3.385
-0.336
-1.931
-2.649
-2.418
0.478
2.696
-0.323
2.634
1.24
0.889
-0.323
0.002
-0.436
-0.248
-0.398
0.29
0
0.595
-0.653
-0.058
0
0.369
0.581
-4.776
0
0.804
0
-2.159
0.81
0
0.478
-1.256
-0.108
-1.013
-1.371
0.001
1.02
-0.109
0
3.041
2.026
1.029
-0.109
0.434
-2.768
0.153
-1.122
-0.975
-0.538
2.054
-0.056
0
0.271
0.311
0
0
-1.13
-0.109
-0.941
0
5.29
0.369
3.843
-0.485
-0.023
-4.729
0.638
-4.011
0
0
0
0.746
1.767
-0.34
0
5.01
1.171
0.434
0
-2.284
3.327
-0.214
-1.403
0.264
0
0.106
0.764
0
0.704
-0.214
1.51
4.565
0
1.442
0.434
0.748
0
-6.4
-0.989
-0.909
2.228
10.618
3.939
0.764
2.553
0.613
0
-0.323
-0.056
0
1.025
-0.907
-3.661
0.59
0
1.645
2.84
0.407
-1.115
-0.056
0
0
0
0
2.616
2.286
2.465
1.417
-1.681
-0.202
-1.259
0.478
0
0
1.988
1.294
-5.171
1.02
0
0.303
0.264
-0.652
0
0
0.54
-0.591
-0.062
-3.54
0
1.75
2.815
-0.109
0
-1.24
-0.109
0
1.57
0.803
-0.471
0
-0.907
-1.007
0
-1.259
1.14
-0.319
0.478
0.65
0
0
-2.415
0.815
-0.749
1.522
-3.902
2.706
0
-0.444
0
0
0.501
3.043
0.901
0.128
0
2.799
-0.909
-3.881
-0.323
1.437
0
0.369
1.795
2.493
-0.78
-2.359
1.13
-0.732
-5.68
0
0.112
-0.323
4.281
-1.588
-0.323
-0.184
0
0
0.378
0
5.0
-0.109
0.478
1.234
0
-4.999
-0.378
1.296
8.0
0.478
-0.323
0
0.486
-0.061
0.721
0.29
0
0.434
1.576
1.029
0
0
1.777
1.101
1.101
0
-1.26
0.363
0
2.856
0.478
-2.649
-3.615
0
-3.556
-1.519
1.001
1.649
0.467
-0.184
0.234
0
0
-1.395
-0.398
-9.366
-0.768
1.592
2.129
-6.552
0.858
-0.109
0
1.02
0
0
-1.164
4.677
0.159
-1.944
-0.214
-3.55
0
-0.818
2.273
-0.164
1.126
-0.62
0.271
-0.875
-5.568
0.223
-0.543
-6.571
1.43
-1.13
2.174
-0.963
-0.109
0.478
0.796
0.431
0.19
-0.214
-0.288
-0.109
0.622
0.478
-0.155
0
-0.109
2.469
2.021
0.19
1.997
-1.872
3.388
-0.109
1.239
-0.626
2.385
-0.551
0
0.467
0.066
2.688
-0.62
2.122
0.545
-0.376
0.264
2.635
-0.61
-0.109
0.369
0.707
0
0.036
0
0
-0.62
0.478
0
1.02
-0.109
-1.63
3.667
0.711
2.184
-0.29
0
1.247
-0.184
0.054
-0.621
0.29
0.547
-2.16
0
2.288
-0.811
1.952
2.117
1.244
-2.16
1.908
0
0
0
1.326
0.19
-0.972
0.752
1.881
0
0
-0.848
3.319
0.023
-0.398
-0.774
0.245
0
-0.108
-0.713
-7.264
-0.101
0.287
0
-1.13
2.898
0
0
-0.749
1.281
4.22
-6.415
-0.323
0.534
-0.085
-0.432
5.664
1.027
1.826
-0.33
-0.391
0.281
0
0.478
0
-2.247
0.466
2.303
-2.76
0.29
0
-0.804
0
2.592
1.294
1.906
0
0
0
-1.199
-0.749
5.0
0
-0.821
1.577
-0.646
0.969
0
0.434
0
0
-0.588
1.02
-0.011
0.369
0
-0.397
-4.532
1.062
0.334
-0.445
0
0
0.172
0.942
0.255
0
-0.214
1.551
2.219
0.632
0.072
-6.552
-9.235
-0.142
0
-1.495
0.246
-2.16
0
0
0
0.343
-1.57
-1.769
1.8
-2.567
-4.146
0.072
4.061
0
1.872
0
0
1.057
0
-2.3
-1.718
-0.364
-0.109
-0.829
0.504
0.255
0
0.957
0.29
-0.214
0.478
1.194
-1.814
0.478
-7.891
-0.531
2.634
0
2.564
2.163
0
-1.255
0
-1.031
0
0
0.478
-0.144
-1.056
0
-1.814
-1.407
0
-0.749
1.833
-3.034
0.407
-0.323
2.056
0
-0.109
0
-4.424
0
0.335
0
0.156
-1.24
-0.431
0
0
0.315
0
0
0.407
0.704
0.216
-0.121
-0.952
0.19
0.229
2.484
-0.109
0.962
3.032
0
0.478
0.033
-0.063
-2.647
0.112
2.634
-0.317
2.105
-0.214
-1.13
1.234
0
-0.33
-0.725
2.385
1.09
1.133
-0.749
-0.109
0
0
0
0.224
2.184
-0.109
-0.225
0
-0.109
1.459
1.651
1.804
0
-0.012
-0.716
1.068
1.173
0.112
5.511
0.705
-0.101
0
-0.325
-0.012
-0.109
0.717
0
0
1.05
0
-0.012
-0.42
0
-3.809
0.768
1.577
0.04
0.819
0.314
-5.904
1.991
-0.323
-0.214
-0.408
0.686
0
0.19
0.566
0.478
2.211
-0.109
1.147
-0.655
-0.619
-0.109
1.032
0.193
-3.523
0
-2.314
-7.261
0
0.205
-0.915
0
-0.553
-0.222
0.302
-0.109
-4.518
-0.109
0
0
-1.219
-0.109
1.837
0
0.157
0
-0.214
-0.323
-0.184
2.766
0
0.216
-0.697
0.715
0
-2.16
0
0
1.039
1.405
1.568
1.054
-0.109
0
0
1.415
-1.588
0.748
0
0.04
-0.835
0
0
1.551
-5.162
-0.011
0.278
2.493
1.21
0
0.369
0
0
-0.848
0.478
0.434
0.29
0
-7.401
-0.323
0
-0.939
0.271
1.689
0
0.478
0
0.106
0.434
0
-1.141
-0.59
0
0.795
0
-5.005
0
1.171
3.14
1.107
0
1.44
-0.259
0
0
-0.451
0
-0.942
-2.54
-0.386
0
1.984
-0.037
-0.769
1.503
0
0
-0.273
0.29
2.229
-0.372
0
0
0.487
0.493
-0.398
0
0
-2.649
-0.323
0.29
-8.259
0.402
0.264
0
-3.356
3.563
0
-1.106
1.973
0.128
1.194
-1.173
0.303
0.555
0.121
1.343
-0.109
1.439
-0.109
-0.369
-0.109
0
-0.621
0
0
0
0
-0.058
0
-1.13
0
0.958
0.454
0
0
0.996
0
0.787
0.202
-1.007
0
-0.109
-0.62
-1.096
1.02
0
-1.654
1.183
8.278
0
-0.449
0
-0.616
0
0.216
0
-0.908
0
-0.109
2.609
0.296
0.342
-0.109
-0.267
0.106
0.243
0
-0.67
0.036
1.194
0
0
0
1.649
1.566
1.194
1.194
-0.749
0
-1.51
0.622
0
0.977
-0.067
0.201
2.373
-1.205
-0.214
-0.62
1.313
0.478
0.721
0
0.911
-0.333
2.36
1.733
-0.109
-0.323
0.252
-0.823
0.84
0
-0.427
-1.498
0.026
1.39
-0.056
-0.652
-0.719
0
-0.091
0
0.072
0
1.123
0.927
-0.108
1.566
0.115
-1.259
0.29
-1.13
-0.669
-3.539
-4.596
0.551
-1.134
0
0
-0.474
-0.452
-0.109
0
1.577
-1.001
0
0.072
1.219
-0.109
-2.2
2.634
-0.398
1.02
-1.588
0.444
0
-0.685
0.638
1.891
0.467
0
1.84
1.576
0
0
4.435
0
2.254
-0.843
-0.792
-0.214
0.434
-2.174
0
-0.101
0
2.435
0
-0.358
-0.109
0
-4.923
-1.371
1.629
0.719
0.842
0.382
-1.26
0
0.719
0.431
1.343
0.478
-0.323
-0.774
-0.109
-1.13
0
-2.567
0
-0.816
0.072
0
-0.233
-0.579
-0.398
1.025
0.283
0.813
-2.547
1.171
0
-0.214
-1.259
0.29
0.153
0.183
-0.557
1.036
-0.62
-4.764
1.43
-0.184
0.528
-1.347
3.417
0.478
1.055
-0.214
-0.749
0
0
5.668
1.71
-1.116
0.566
-0.173
-0.214
1.294
-8.757
0.106
-1.195
5.604
0.177
-0.325
1.029
0.155
-1.737
1.613
0
-1.344
-1.031
0.333
0
-0.228
0.388
0.043
0
0
0.504
-1.031
7.369
2.748
-0.188
8.005
0.837
1.488
1.545
1.187
-2.257
-0.325
-7.038
-0.323
0
0
1.943
0
0.112
0.957
0.112
0.036
0
1.803
3.402
0.975
1.134
0
-0.757
0.407
0
0
-0.214
0
0.841
0.369
0.801
0.312
1.89
3.159
0.907
0
0.528
-0.067
0
0
-1.348
0
0.495
0
-0.109
0.706
-0.97
1.391
-0.214
0.324
0
0
0
-0.288
0
-0.62
3.606
0
-0.501
-1.031
0.262
0.478
1.524
0.434
0
-1.944
-0.454
-0.401
0.794
2.267
3.327
0.255
-0.823
-0.323
0.692
5.0
-7.198
-1.259
0.948
-4.999
-2.372
-3.802
1.136
-0.605
-0.907
0
0
-0.613
-0.454
0
1.457
-0.323
0
0.365
0
0
-1.13
0
0
1.782
-6.595
-0.081
0.495
1.631
2.219
0
0.658
1.356
0.081
-0.323
0.632
-0.109
1.187
-0.214
-1.198
0.796
8.722
0.478
0
0
-2.464
0.216
3.489
5.908
-0.109
0
-1.91
0.511
0
-1.237
0.597
-0.805
0.613
0
0
-1.973
1.475
0
6.932
0.037
1.281
0.063
-1.001
0
0
0
2.163
0
0.549
0.072
1.897
1.244
1.259
-0.109
0.578
-0.214
-0.477
0.796
1.02
-2.388
-0.96
3.657
-0.853
0.478
-1.031
0
0.255
0.112
-0.109
-4.636
0
5.668
0
0
-1.016
-2.384
-0.323
0
0
0.106
-0.621
-0.109
0.746
0.883
0.244
0.271
-0.749
0
-2.649
-7.105
0.183
0.511
0.506
2.11
1.606
0
0.18
-0.288
