1.171
1.171
1.171
0.175
0.072
-0.024
0.175
0.984
0.766
-0.214
0.175
0.175
0
0.766
0.175
0.175
3.095
3.449
-0.591
0.227
0.175
1.024
0.175
0
1.171
0
3.258
0.175
-0.164
0
0.663
2.496
1.171
0.175
0
-0.07
0
-0.745
0.175
0
0
0.175
0.981
1.171
0
0.175
0.175
0.19
0
0
0
0
0.175
0
3.519
0
0
0
1.873
0.175
0
0
-1.415
0
-1.418
0.175
0
0
-0.791
0.175
0.175
0.175
0
1.171
0.175
0
1.171
0.175
1.194
0
-0.266
0.741
0.175
-0.255
0
-0.786
0.175
0.175
0
0
0.175
0.19
-1.28
0.082
2.046
0.619
1.171
0
1.171
0
1.171
0.175
0
0
-0.501
0.175
1.171
5.239
2.641
0.175
-1.88
0
1.009
0
0
0
0
-0.214
0
0.175
0
1.171
-1.59
0
26.74
0.558
1.171
0
0
0.478
0
0
0.175
0
0.227
0.175
0.227
0.227
1.171
0
-0.317
-1.415
0
0.175
1.171
0.125
0.175
0
0.175
1.171
0.175
0.353
0
0
-0.296
1.171
1.171
0.175
0
1.171
0.227
-6.454
0
0
1.171
1.171
0
0
0
0
0
1.577
1.171
0.691
0.175
0.175
0
1.171
0.856
0
0
-0.897
0
0.175
0
0
-0.032
0.175
0.175
0
-0.207
0
-0.291
0.478
0
0.175
0.175
0.182
3.021
0
0
1.577
0
0
0.175
0
0.175
1.171
0
0.175
0
2.348
0
0.175
0.632
1.171
0
0.995
0.51
0
3.0
0
0.175
0
0
0
1.487
0.558
1.812
0.667
1.171
0.146
0
0
0.175
-0.214
0
0
-0.027
0
0.175
0.175
0.158
1.825
0
0
0
0.175
0
-0.62
0
0
0.29
-3.524
0
0
1.171
1.171
-1.156
0.175
1.171
1.171
0
1.717
0.163
0
1.577
0
0
-9.638
2.454
0
0
0.175
0.577
1.394
0.524
1.171
0
0.175
-0.214
-1.24
0
-0.748
0
0
0
0
0
1.171
0.175
3.834
-0.111
-0.081
0.657
0.175
-5.39
0
0.175
0.175
0
0
0
0
0.175
0
0
-0.791
0.21
-0.608
0.175
0
0.175
0.175
0
0.175
0
1.457
0
0
0.175
0
0
-2.524
0.175
0
0.175
-2.29
0.29
0
-0.516
0
1.065
0.175
0
1.155
-0.214
0
0
1.518
-0.574
4.348
0.175
1.171
0.668
-0.288
0.175
0.175
-0.055
0.175
0.175
0
0
0
0
0
0
0
-0.093
0.175
0
2.041
-1.297
0.992
0
0
0.175
0.424
0
0.175
0
0
0
0
0.175
0
1.171
-0.214
1.171
1.278
1.171
1.577
0
0
0.175
0
0
0.175
-1.85
1.171
0.175
1.102
-1.055
0
0
0.29
0.674
-1.454
1.555
0
1.171
0.175
0
3.144
1.171
1.361
0.478
1.171
2.591
1.046
-2.381
0.175
0
1.171
0.175
0.175
1.171
1.171
0
0.606
1.171
0.264
0.175
-0.62
0.175
0
0
1.171
0.175
0
-5.291
0.175
0.175
0.175
0
0.175
-4.933
1.171
0
1.941
0.175
0
0
-0.792
0
0
0
0
0.175
-9.053
0
1.171
0.227
1.169
-0.647
1.171
0
0.709
0.227
0
1.171
0.175
0
0
0.147
0.668
3.258
0.175
0
0
0
0
-2.678
-2.237
1.319
-0.214
0.417
1.171
0.478
-3.613
0
0.175
0.551
-0.081
0
0.16
1.171
0
-0.696
1.171
1.567
0
0
0
0
0.175
2.651
0
1.171
0
0.175
0.175
0
0
0.175
1.171
1.194
3.144
0.175
0.175
0.175
0
0
0
0
0.175
0
0.26
0
3.136
0.689
0
0
0
1.171
0.175
0.175
1.171
0
0.175
0.175
0
1.171
0.175
3.258
1.171
0.175
0.175
-0.031
0.175
1.171
-0.895
1.171
4.206
0
0.175
0
0.175
0.175
1.787
0.202
0
0
1.171
0.175
1.989
0.175
0
-0.318
0
-0.895
0
-1.943
1.171
1.021
0.953
-0.208
-1.055
0
-0.214
0
0
0.175
-0.135
0.175
0
0.175
-0.22
1.873
0
0
0.175
0
0
1.512
0.175
0
0
0.175
0
0.175
-0.237
0.175
0.694
0
0
0
0
0
0
0
1.651
0.175
0
1.162
0
2.141
0
0
0
0.175
0.175
1.496
1.171
0
0
5.0
0.271
0
0
1.416
0.14
0
0.37
0
0
0
0.072
-0.422
2.974
0
-1.171
5.112
0
0
0
0
-0.236
1.171
0.29
0
0
0
0
1.171
0
0.373
0
0
0.175
-0.259
3.0
1.171
0.074
0
0
0
0
0.175
0.265
0.175
0.734
0
1.171
-0.422
0.175
0.968
0.175
0
0.175
1.171
0
1.826
0.175
1.886
0
0
0
-0.31
0
1.171
0.331
0
0
1.171
-0.329
0.558
0
0.227
0
0
0
0.175
0
0.175
2.705
0.478
0.175
0.227
0.175
-1.902
1.171
0.478
1.496
0.161
0.175
1.171
0
1.171
-0.789
0
0.175
0.175
0
0
-0.996
0
0
0.175
0.175
0.175
0
0
0
0
0
1.171
0
1.451
1.171
0.478
1.236
0.175
0
1.219
0
0
0
0.54
0.264
0.344
0.175
-0.91
0
-1.055
0
-0.214
0.175
1.171
-0.082
0
0
0.606
0
0
-1.309
0
1.171
0.691
1.171
-0.317
0.746
-1.572
0.175
0.478
0
5.478
0.175
1.171
0
1.171
0
0.409
1.171
0.175
-0.774
1.132
0
0
-1.255
0.175
1.171
0.175
0.175
0
0
1.171
0.175
0
0
-0.907
1.171
0.175
0.175
1.171
0
-11.001
0.175
0
1.651
0.478
0
0
0.175
1.171
1.171
0
0
1.171
0.478
1.171
-0.959
1.388
0
0
2.889
0.478
1.194
0
1.171
0.175
1.194
0.175
-1.476
0.175
1.66
0.175
0
0.175
0
0
1.171
0
0
0
-1.473
0.175
1.171
0
0.175
2.199
0.175
-0.911
2.08
0.478
1.171
0
0.175
0.175
1.864
0.175
0.605
-0.082
0
0.69
0.175
0
0
0
0
1.375
0
0
1.376
1.171
0.29
1.171
0.175
0.478
-1.932
0.175
0.175
0
0
0.175
1.171
-1.372
1.171
0.175
-0.127
0.175
0.175
0.175
0
0.175
0
0
0.175
0.175
1.171
0
0.29
0
0
0
1.222
0.175
0.209
-4.735
0.967
0.175
1.171
0
-2.545
0.175
0
0.175
0
0.175
0
2.397
-3.175
0.175
0
0
0
0
0
2.957
0
0
1.171
0.175
0
0
0.391
0
0
0.458
1.171
0.175
0.175
0.175
0
1.56
0
0.175
0
0
0.175
0
1.171
0.668
-0.317
-1.003
0.175
-0.437
0.175
0.175
-0.612
-0.591
1.171
0.175
0.175
0.175
0
0.175
0.478
2.687
1.452
0.175
1.171
1.171
0
-0.195
0.175
0
0
0
0
0.883
1.325
0
0
0
0.175
0
0.07
0.848
0.161
1.171
0
0.59
0.175
0.175
3.415
0
1.171
0.175
0.175
1.171
-0.653
0.766
0.177
2.452
0.175
0
0.175
0
0
-3.51
0
1.036
-0.024
-1.597
0
0
0.175
0
0
0.175
0.384
1.171
0
1.171
-1.902
0
0.175
1.867
0.227
1.171
0.532
3.258
0
0
3.125
0
-1.538
0
0
-7.183
0.175
0.175
0.175
0.175
0.175
1.171
0
0.175
0
0
1.171
0
0.175
0.175
0.505
0
0
0
0.175
0.944
1.171
0
0.175
0
1.756
0.738
0
-0.907
0
0
0
0.175
-0.165
4.057
1.171
0
0.901
0
-1.423
1.171
0.175
0
0.175
0
0
0
0
0
0.175
1.171
0.175
0.175
0
0.175
0
0
0
0
0.175
0
0.175
0.175
2.142
0
0.175
1.171
-0.426
0.175
0.478
1.171
-4.091
0
0.62
0
0.391
-0.05
1.171
0
3.784
1.171
0.175
0
0
0.29
0.814
0.175
0.175
0.175
0
0
1.171
0.175
0
0
0.112
0
0
0
0.175
1.171
0
2.055
0.227
0.175
2.416
-0.214
-5.625
0.175
0.175
0
-3.524
1.046
0.396
0
0.584
0.478
0.175
-0.082
-3.535
0.37
0.175
0
-0.25
0
1.171
0
0
0
0
0
0
0
-0.032
0
8.977
0.175
-0.458
0.175
0
0
1.171
0.175
0.123
0.175
2.885
1.171
0
0
0.175
0.175
0
1.171
-0.288
0
0.072
0
0.175
-0.397
-3.679
0
0
3.279
0.175
0
0.175
-0.392
0
3.824
3.055
1.162
1.171
1.171
0
-4.63
0
1.171
-1.188
1.496
0.227
0
0
0.175
0
0
0
0
0.734
1.873
1.265
0
0
0
0
0
0
0.175
0
0
0
-0.91
-4.521
0
-4.38
0.175
0
0
1.171
0.175
1.171
2.641
0.175
0
-0.863
0
0
0
0.175
1.171
-0.049
0
1.171
0.175
-0.011
-0.987
0
0
1.228
0
-0.802
0.175
-0.214
0.478
0
0
1.554
0
0.175
0.175
0
0
0.175
0
0.175
0.609
1.171
0.186
0
0.175
0
0.161
-0.317
0
0
1.171
0.663
2.02
0.175
0
0.344
0
0
0.175
0
0
1.171
0
0
0.141
0
-0.834
0.083
0
-0.989
0
0.175
0
0
0
0.959
0.175
0
0
0
0.175
1.171
-2.503
1.171
0
0
0
0.29
-3.883
0.768
0
0.889
0.175
0.018
0
0
0
0
1.171
-0.944
0.175
0
0.175
0.175
0.552
0
1.171
0
0.175
0
3.125
0.175
-0.741
-0.214
0
0
0.55
0
3.136
1.171
1.194
0
-9.998
0.175
0.175
0.175
-0.214
0.175
0
0.175
-1.356
0.175
0
1.787
0
0.175
0
0
0
0
-7.134
0
0
0.175
0.175
0.19
1.171
0.175
0.175
0
0.175
0
0.719
-1.178
-0.068
0.175
0
0.175
-0.628
1.171
0
0.3
0
2.974
1.171
0.175
0.175
0.175
0
0
2.228
0.175
1.171
0
0.175
0
0.887
0
0.175
0
1.021
0
1.171
0
0.175
-3.291
0.175
0
0
0.175
0.354
0.175
-2.166
0
0
0.175
1.596
0.175
0.94
0.175
1.171
0
0.175
0
0
0.175
0.175
0
0.733
1.171
0.175
-0.288
1.171
0
0
0.874
0
0
0.175
0.478
0.175
0
0.175
0.175
0
0.175
1.169
-1.7
0
0
0
0
0
1.171
0
0
-0.522
1.424
-0.907
0
1.649
1.171
0
1.171
-0.045
0
0
0
0
-0.081
0
-1.682
2.064
2.35
1.171
0
0
0
0
0.175
0
3.428
-8.244
1.092
0
6.606
-0.887
0
1.171
0.175
0.29
0.175
0.227
0
0
1.171
0
0
-5.393
0
1.171
-0.43
0.29
-4.355
0.175
0
0.175
0
3.434
0.691
-0.805
0
0
-0.665
0
1.86
0.175
0
0
-7.964
2.041
0
0.175
0.175
1.171
0.188
0
0
-0.082
-0.678
0
0.175
0.175
0.175
0
1.171
1.171
0.399
-0.214
1.361
0.175
1.171
0.175
1.337
0
0
0
0
1.171
1.171
0
0
0
0.175
0
0
0.29
0
0.175
-0.068
1.832
0.189
1.161
0
1.171
0.414
0.175
0
0
1.171
1.171
0
2.209
0
0
0.175
0
1.171
1.519
-3.461
0
4.638
0
0
0.175
0.486
0.37
0.175
0
-0.959
0.175
0
2.012
1.171
0
0.175
0.175
1.171
0.175
0
0
0
0.414
0.175
0
0.161
0
0
-0.958
0
0.775
0.175
1.171
0
0.372
1.171
1.171
0
0
1.171
1.171
0
0.175
0.175
1.171
0.175
0
0
0
-0.486
0
0
0
0
0
0
0.316
1.171
2.19
0.175
0
-0.74
0.175
-1.153
1.171
0
1.171
1.171
0
0
0
0
0
0
0
-6.52
0
1.171
0.227
-0.288
0.227
1.171
0
0
0
0
-0.317
-1.024
0
-0.944
0.175
0
-0.166
0
0.14
0.175
-1.081
0.175
1.416
1.015
0
0
0
0
0
0
0.639
0
0
-1.049
0
-0.392
0
1.424
0.175
1.171
0.19
0.15
1.171
0
0
0.175
0
1.171
0
0.175
0.175
-0.317
1.194
2.042
0
1.623
0.175
0.478
0
0
0.175
0.326
0.161
0
0
0
-1.281
0.175
0
1.171
0.175
0
0
0
0.746
0
0
0.175
1.171
0.478
0.175
0
0
0.318
0.175
0
1.819
0
1.171
1.107
1.171
0.918
0
0.454
0.704
0.175
0
0.583
2.594
0
0
-0.151
0
0
0
1.171
-2.17
0
0
1.974
2.254
0
1.171
0.175
0.175
0.926
0.175
0
0
0.478
-5.055
0
0
0.175
0
0.175
0.576
0
0
-0.774
0.452
0.836
0
0.072
1.171
0
1.171
-0.91
0
0
1.171
1.171
-0.775
2.987
-1.573
1.477
0.175
0.175
0
0.175
1.171
1.919
0
0.175
0.175
0.175
1.171
1.517
-0.321
0
0
0
1.171
0.796
0.175
1.171
2.033
0.422
-0.071
0
0
0
0.175
0
0
0.175
1.171
-1.667
0.175
1.171
0.175
1.052
-4.09
0
0.175
1.171
0.175
0.175
0.807
1.171
0
0.175
2.591
-0.544
0.227
-0.024
1.213
0.291
-1.878
-0.317
0.45
0
0.175
-0.713
0.175
0.175
0.175
-0.214
0
1.029
1.171
0
-0.658
1.171
0
0
0
0.175
1.651
1.171
0
-1.08
0.175
0.175
0.175
0.175
-0.176
1.153
0.175
-0.142
0
0
0
0.227
1.171
0
0
0.175
0
0
0.686
0
1.658
0
-0.907
1.171
1.569
2.971
0.28
0.175
0
0
0.175
0
0.814
0.175
0.658
0
0.175
0
-0.032
0.452
0.175
1.171
3.258
1.171
0.391
0
1.171
1.171
0.175
0.641
0.175
0.175
0
4.673
0
0.29
0
1.551
0.734
0.175
3.017
0.175
0.879
0.175
0
0
0
0.175
0
1.171
0.175
0.175
0
0
0
0
0
0
-0.265
0
0.175
1.171
1.171
1.171
1.171
0.175
0
0.175
1.171
0.175
0
0
1.623
0.29
-0.624
0
-0.907
0
0
0
0.507
0
0
0
0.564
1.171
0.478
0
