0.535
0.869
0.535
-0.244
0.075
0.066
1.815
1.68
-1.326
1.327
-0.244
-0.244
1.404
1.181
-0.244
0.27
-1.8
1.735
-0.272
1.183
-0.244
1.744
-0.244
0
0.535
1.284
-0.944
-0.244
7.979
0.76
3.85
7.521
0.535
-0.244
0
0.959
0.882
0.337
0.604
0.882
0.972
0.27
1.011
0.535
0.777
0.27
0.27
-5.835
2.453
-0.96
0.882
0
0.27
1.691
1.293
0.803
0.777
0.777
0.339
-0.244
0.777
0.882
0.669
0.777
0.348
0.27
0.882
0.882
-0.178
-0.244
0.27
-0.244
0.882
0.535
-0.244
0.389
0.535
-0.244
1.092
0.777
-0.2
0.809
0.27
-0.387
1.137
1.288
0.27
-0.244
0.777
3.91
-0.244
3.185
-0.003
0.583
4.123
3.436
0.535
0.777
0.535
0.882
0.535
-0.244
0.777
0.777
0.771
-0.244
0.535
1.605
1.985
0.604
-1.208
0.882
-1.158
0
0.803
0
0
1.591
1.99
-0.244
0.777
0.535
-2.156
1.571
6.104
5.661
0.869
0.777
2.348
1.17
0.077
-1.806
0.27
2.718
1.183
0.27
1.183
1.183
0.535
-0.61
0.718
-1.399
0.882
-0.244
0.535
1.221
-0.244
0.882
-0.244
0.535
-0.244
0.084
4.427
0.882
-0.975
0.535
0.535
-0.244
0.777
1.405
2.754
-1.493
0.777
0.882
0.535
0.535
-2.175
0.882
1.289
-0.925
1.427
2.056
0.535
0.523
-0.244
-0.244
0.428
0.535
0.043
2.348
0.882
-1.086
0.803
0.27
0.777
-2.328
-14.747
-0.244
0.27
-0.204
2.936
0
-1.364
0.774
3.556
-0.244
-0.244
0.376
0.499
0.882
2.908
3.14
1.427
0.777
-0.244
0.777
-0.244
0.535
1.246
0.27
0
-2.832
0.777
-0.244
3.042
0.535
0.777
-0.096
2.066
0.777
-0.089
2.348
-0.244
0.882
0.777
0.047
1.108
0.085
-0.323
1.524
0.535
2.71
0
0
-0.244
1.521
0.777
2.192
1.386
1.691
-0.244
-0.244
-1.176
0.293
0.777
0.155
0.76
-0.244
0
-0.995
0.882
0.882
0.581
-4.568
0.777
0.777
0.535
0.535
-0.123
0.27
0.535
0.535
0
0.599
-0.271
1.426
-0.747
0.777
0.882
-4.128
0.249
0.777
0.777
0.27
-0.871
-0.239
0.015
0.535
0.471
0.27
0.086
4.378
0
1.782
0.76
0.882
0.411
0.4
2.452
0.535
-0.244
1.481
4.993
0.533
2.204
-0.244
0.292
0.76
0.09
-0.244
0.43
1.741
0.882
1.172
-0.244
0.882
5.471
0.521
0.478
-2.407
-0.244
0.882
-0.244
-0.244
0
0.27
1.869
5.655
4.427
1.571
-0.244
0.882
-0.452
-2.023
-0.244
0.882
0.27
-2.273
1.06
0.777
1.816
4.427
2.005
-0.244
0
2.692
-4.819
1.354
0
-0.656
1.17
0.138
0.27
0.535
5.112
-1.086
0.27
0.27
-1.523
0.27
-0.244
0.777
0.882
0.76
0.777
0.777
0.76
0.777
-0.122
0.27
0.803
0.95
-1.905
-5.138
0
0.777
0.27
2.685
0
-0.244
0.777
0.882
0.803
0
-0.244
0.882
0.535
2.148
0.535
1.01
0.535
3.337
0.373
0.777
0.27
0.882
1.429
0.27
-1.916
0.535
0.27
-0.803
-1.025
0.328
0.882
1.761
1.432
-1.387
0.163
2.431
0.535
-0.244
0.777
1.759
0.535
2.067
3.16
0.535
0.14
-0.268
-0.347
-0.244
0.76
0.535
0.27
-0.244
0.535
0.535
4.427
0.155
0.535
-4.292
-0.244
-4.075
-0.244
0.882
0.464
0.535
-0.244
1.691
-0.134
-0.244
0.27
0.27
0.777
0.27
0.724
0.535
0.289
0.991
-0.244
0.777
0.882
-0.736
1.469
0
1.354
0.777
0.27
-0.825
1.691
0.535
1.183
2.904
-0.408
0.535
-0.75
0.123
1.183
0
0.535
0.27
-1.359
0.882
0.939
-1.955
-0.944
0.27
0.777
0
0
0.882
-0.41
0.133
-0.85
-0.162
-0.417
0.535
0.2
-2.514
0.76
0.27
0.295
1.856
0.882
1.021
2.08
0.777
-0.174
0.535
0.076
0.506
0
0.777
0.777
-0.244
1.782
0.882
0.869
0.882
-0.244
0.27
0.882
0.803
0.27
0.535
-0.924
1.59
-0.244
-0.244
-0.244
0.777
0.777
4.749
0.777
-0.244
0.882
0.518
-0.295
0.962
0.939
0
-1.371
0.777
0.535
0.09
-0.244
0.535
0
-0.244
-0.244
1.713
0.535
0.27
-1.41
0.535
-0.244
0.27
1.987
-0.244
0.535
0.81
0.535
-0.865
0.777
-0.244
0.777
0.27
-0.244
-1.305
0.555
0
0.76
0.535
-0.244
7.052
0.27
0.882
-2.536
0.882
0.772
0.917
1.105
0.535
-1.458
0.435
-0.989
0.107
-0.782
-3.715
2.149
0.882
0.27
-1.186
-0.244
0
-0.244
2.045
2.154
3.883
0.882
0.27
0.777
0.777
-0.314
-0.244
0
0.803
-0.244
0.882
0.27
0.328
-0.244
1.43
0.777
0.777
0.882
0.777
0.882
3.531
0.777
1.291
0.27
0.882
-0.77
0.882
0.413
1.691
2.453
0.777
0.27
0.27
1.218
0.535
4.852
0.777
2.573
0.955
0.882
0.777
3.65
3.566
0.777
1.864
1.43
0.777
0
1.83
1.827
-0.096
0
0.134
1.753
0.777
-0.312
0.777
0.882
-0.154
0.535
0.25
0.803
0.882
0
1.691
0.535
7.358
3.678
0.777
-4.817
-0.244
0.571
2.058
0.535
4.882
7.102
-0.98
0.777
0
-0.244
3.096
0.27
1.524
-0.966
0.535
1.889
0.27
1.056
-0.244
0.777
0.27
0.535
0.777
2.282
-0.244
1.258
1.965
0.882
0.777
-6.449
0.777
0.535
-0.988
0.777
-0.943
0.535
-0.649
3.399
-0.815
1.183
0.882
0.403
1.496
-0.244
0.882
-0.244
0.184
1.996
0.604
1.183
-0.244
-3.959
0.535
-0.528
1.316
0.236
-0.244
0.535
0.777
0.535
1.865
0.882
-0.244
0.27
0.882
0
-3.152
2.07
0.777
-0.244
-0.244
-0.244
0.76
0.882
-0.882
0
0.882
6.377
0.777
-0.302
0.535
1.66
2.311
0.27
0.276
-5.264
0.552
0.626
0
0.844
0.649
-0.386
0.27
-1.501
0.777
-1.733
0.777
-2.383
-0.244
0.535
-1.244
0.803
0.882
0.061
0.891
0.777
0.661
-3.11
0.535
1.171
0.535
0.979
-1.436
-0.626
-0.244
0.356
0.777
6.388
0.27
0.535
1.242
0.535
0.502
0.827
0.76
0.27
0.286
1.19
1.137
0.882
-0.256
-0.244
0.535
0.27
0.27
2.251
0.803
0.535
-0.244
-0.097
0.882
-0.191
0.535
0.27
0.27
0.535
1.691
-2.604
-0.244
0.777
0.741
-0.528
0.76
1.104
-0.244
0.535
0.535
0.882
0.81
0.535
1.459
0.535
0.412
-0.869
0.882
0.777
2.228
0.74
0.944
1.691
5.478
-0.244
-0.592
0.234
-0.815
-0.244
1.918
-0.244
0
-0.244
0.882
0.777
0.535
0.967
0.76
0.777
-2.108
0.27
0.535
0.777
-0.244
1.027
0.27
-2.022
1.553
7.116
0.535
0.882
-0.244
-0.244
5.537
0.27
-1.065
-6.266
0.882
-0.022
-0.244
1.408
0.777
0.356
-1.262
0.303
0.882
0
0.086
0.535
1.946
0.535
0.27
-1.654
-3.684
0.27
-0.244
0.882
1.691
0.27
-0.353
-2.077
0.535
0.27
-0.521
-0.244
0.27
0.27
0.76
-0.244
0.76
4.427
0.27
0.27
0.535
0.777
1.167
0
0.882
0.882
-0.564
-0.244
0.783
-1.025
3.502
0.27
0.535
1.353
-3.129
0.27
-0.372
-0.244
-6.833
-0.244
1.691
-0.351
1.928
-0.244
0.566
0.777
0.777
0.777
0.777
0.488
0.882
0.777
0.535
-0.244
1.691
2.07
2.229
0.257
0.301
-3.337
0.535
0.27
-0.244
0.27
1.354
-0.581
0.143
0.27
0.803
0.882
-0.244
1.234
0.535
-0.396
0.661
0.783
-0.244
2.16
0.27
-0.244
-1.005
2.086
0.535
-0.244
-0.244
0.27
0.777
0.27
1.444
-0.101
2.742
-0.244
0.535
0.535
1.378
0.546
0.27
0.777
0.882
2.348
0.882
1.334
0.613
1.32
1.691
1.354
-0.244
0.882
0.268
5.911
-0.786
0.535
0.777
1.814
0.27
0.27
1.027
-0.371
0.535
-0.244
0.27
2.08
-0.259
-2.689
2.967
-0.218
0.27
0.882
0.27
0.331
0.777
-3.663
3.416
-0.619
-9.477
0.123
1.458
1.691
-0.244
2.594
2.712
-0.244
1.295
0.535
0.777
0.535
-3.234
0.63
-0.244
-0.535
1.183
0.535
0.868
-1.41
-0.96
0.882
-0.823
0.76
-1.137
1.246
0.601
3.513
0.27
-0.244
-0.244
0.27
-0.244
0.535
0.882
0.27
-0.583
1.331
0.535
0.882
0.27
-0.244
0.704
0.777
4.427
0
-0.244
0.005
0.535
0.777
-0.244
-0.189
3.975
-0.947
0.777
1.25
1.537
0.882
1.691
0.27
-0.394
-1.416
0.535
0.882
-4.941
1.112
-2.487
0.535
-0.244
0.968
1.301
0.777
0.777
0.777
6.75
0.777
0.27
0.535
0.27
-0.244
1.43
-0.244
-0.466
0.882
0.957
0.777
-0.244
0.777
-0.244
0.27
-0.892
0
-0.244
0.535
1.195
0.27
3.305
0.535
-1.635
0.777
-0.166
1.828
-0.041
1.971
0.535
2.348
3.11
0.535
-0.244
0.803
2.411
-0.285
4.137
0.27
-0.244
-0.244
0.777
2.114
0.535
-0.244
0.777
-7.079
1.87
0.777
0
0.882
0.27
0.535
0.471
-0.145
1.183
0.27
0.423
-4.527
3.266
-0.244
0.27
0
-4.568
-0.268
0.138
0.777
0.142
0.707
0.27
0.052
-0.16
-3.087
0.27
0.882
-0.766
0.777
0.535
0.777
0.882
4.427
3.435
0.777
1.48
-0.331
2.427
0.777
5.284
-0.244
2.201
-0.244
0.882
0
4.98
-0.244
1.078
-0.244
-2.206
0.535
0.777
0.777
0.27
0.27
1.037
0.535
-5.879
2.109
0.109
0.985
-0.244
0.802
-1.904
0.882
1.242
1.13
-0.244
1.209
0.27
-0.999
0.76
5.02
-0.151
2.492
0.535
0.535
0.902
-3.596
0.777
0.535
0.396
1.732
1.183
0.882
0.777
-0.244
0.767
3.481
2.047
2.94
-2.233
2.192
1.967
2.747
0.777
0
0.777
0.777
-0.379
-0.244
0.882
0.76
0.224
-0.839
2.353
0.777
-1.557
-0.244
0.882
0
0.535
-0.244
0.535
2.437
-0.244
0.777
1.277
1.353
-0.876
1.2
0.27
2.745
2.059
0.777
0.535
-0.244
0.386
0.433
0
0.882
0.534
0.882
1.266
-0.244
1.591
-1.692
0.102
1.496
0.971
0.882
-0.244
-0.244
0.777
-0.635
0.27
0.882
-0.244
-0.684
0.535
-0.18
0.777
0.27
0.76
-2.163
0.183
-0.14
-2.996
0.535
0.185
0.679
-0.244
0.803
0.234
1.468
0
0.27
0.777
0.777
0.535
0.777
0.803
1.676
0.557
0.763
3.186
0.863
-2.808
0.777
0.27
1.986
4.606
5.238
1.111
-0.244
0
1.691
0.882
0.27
0.535
-0.038
0.535
0
2.109
0
-1.87
-2.793
-0.278
0.777
2.647
-0.244
0.665
2.931
0
0.777
0
0.869
-1.981
0.27
0.777
0.27
-0.244
1.01
3.365
0.535
0.882
0.748
1.691
0.148
-0.244
0.125
-1.723
0.882
0.777
-0.352
0.64
0.962
0.535
-0.017
0.882
-1.619
-0.244
-0.244
0.27
3.451
0.27
0.882
0.27
-0.265
0.27
0.777
1.893
0.777
0.27
2.348
0.777
0.882
0.882
-3.874
0.882
1.518
-0.244
-0.244
0.642
0.535
-0.244
0.27
0.777
-0.244
0.882
0.587
-2.381
-0.648
-0.244
0.777
-0.244
-1.432
0.535
0.76
2.507
0
0.524
0.535
0.27
0.27
0.27
2.047
0.777
1.086
-0.244
0.535
1.665
-0.244
-4.701
3.987
0.578
-0.244
-2.429
-1.458
0.882
0.535
-0.587
0.27
-0.886
0.604
0.777
0.684
-0.244
-0.623
0.09
-1.504
1.691
0.882
0.09
0.758
0.27
0.293
-0.244
0.535
0.777
0.604
0
0.777
0.27
-0.244
0.882
-0.749
0.535
-0.244
0.962
0.535
0.882
-5.364
0.392
0.777
0.777
0.27
-0.255
-0.244
0
0.27
0.27
1.427
-0.244
1.415
-0.169
0.777
1.353
0.76
0.76
1.691
0.535
0.882
0.803
-1.992
1.004
-0.312
0.882
3.536
0.535
0
0.535
-0.129
0
2.348
0.777
0.882
-1.726
0.882
-2.426
2.205
2.244
0.535
0.289
0.777
0.777
0
-0.244
0.777
3.159
-3.285
0.876
0.777
6.779
-0.13
2.453
0.535
-0.244
0.562
0.27
1.183
0.777
0.803
0.535
0.777
0.777
-1.308
-1.35
0.535
-3.773
0.648
-3.054
0.27
1.137
0.27
0.882
2.009
0.485
0.998
0.76
0.882
-1.952
2.109
-0.617
0.27
0.882
2.369
1.037
6.701
0.882
0.27
0.27
0.535
-2.059
2.908
-2.25
0.546
0.543
0.534
-0.244
0.27
-0.244
-5.402
0.535
0.535
0.689
0.416
0.702
-0.244
0.535
-0.244
-1.732
0.777
0.882
3.694
1.523
0.535
2.069
0.803
0.882
0.76
0.27
0
0.777
-0.216
0
0.27
0.71
-0.234
-0.663
1.54
1.2
0.535
1.645
-0.244
0.777
3.695
0.535
0.535
0.252
4.053
0.777
2.156
0.27
0
0.535
2.235
-0.232
0.777
0.388
0.777
0.882
-0.244
3.508
2.834
0.27
0.777
0.45
0.27
0.882
-1.072
0.535
0
0.27
-0.244
0.535
-0.244
0.19
0.777
0.777
2.393
0.27
0.882
0.465
0.661
0.917
-2.006
0
0.446
0.27
0.535
2.773
0.833
0.869
0.535
1.691
0.882
0.535
0.535
0
0.27
-0.244
0.535
0.27
0.511
0.803
0.882
-0.02
2.453
3.25
0.777
2.595
-2.242
0.882
-2.649
0.535
3.153
-0.244
1.036
-4.122
0.27
1.027
0.535
1.787
0.535
0.535
0.76
0.366
1.571
-0.755
0.777
0.392
0.295
-3.114
3.024
0.535
1.183
-0.29
1.183
0.535
0.777
0.777
0
0.288
0.979
2.375
0.882
-1.74
-0.244
0.777
-4.908
0.464
0.828
0.27
2.126
-0.244
1.156
0.254
-1.155
0.882
0.777
0.749
0.803
0.777
-0.743
0
1.496
-0.468
0.777
-2.279
0.003
0.23
0.27
0.535
-5.797
1.483
0.535
2.07
0.777
0.27
1.711
0.535
1.477
-0.244
-0.244
0.129
0.874
0.996
1.311
1.8
-0.244
-3.298
0.777
0.777
0.27
0.63
0.283
-1.393
-0.25
0.777
-1.325
0.27
0
0.535
0.27
-3.834
0.013
0.077
-0.831
1.691
0.473
0.27
0.535
4.134
0.27
0.28
0.777
2.279
0.27
0.777
0.423
0.882
0.535
1.574
0.535
-0.635
-4.71
1.449
-1.83
0.27
0.777
0.063
3.194
0
0.777
-0.018
0.882
0.882
1.691
0.535
-1.458
1.354
0
1.359
-0.365
0.882
1.215
0.27
-0.244
0.736
0.27
2.348
0.478
3.737
-2.822
0.882
1.866
0.27
0.777
0.27
2.566
1.496
0
-2.42
1.224
0.575
1.034
0.661
0.535
0
0.535
-0.877
0.882
0
0.535
0.535
-0.3
-0.218
-6.805
-0.588
0.27
0.27
0.777
0.27
0.535
1.058
0.803
0.27
0.27
-0.244
0.535
-0.903
0.966
0.777
0.917
0.777
0.535
-0.202
-0.244
0.535
2.159
0.936
-0.267
0.882
0.73
1.137
0.27
0.777
1.496
-0.244
6.527
-3.881
-0.244
0.535
-0.244
2.215
-1.307
0.882
0.09
0.535
-0.244
-0.244
-4.582
0.869
0.777
0.27
0.404
0.637
1.183
0.464
0.742
-0.037
-1.408
1.136
1.244
-1.086
0.27
-0.488
-0.244
-0.244
0.27
0.548
0.76
-1.1
0.535
1.691
-0.448
0.535
0.777
0.882
4.451
-0.244
0.952
0.535
0.346
-1.657
-0.244
-0.244
-0.244
-0.244
-0.034
-0.108
-0.244
0.818
0.777
0.803
4.157
1.183
0.535
-0.085
-0.214
1.301
0.777
0.777
2.221
0.882
1.631
1.523
6.198
0.535
-2.387
3.632
0.396
0.27
0.882
0.777
0.27
1.354
2.777
-0.244
-1.186
-0.839
1.301
-1.447
1.655
1.224
0.27
0.535
-1.41
0.535
2.987
-0.635
0.535
0.535
0.27
0.188
0.27
0.27
0.777
3.395
2.743
-1.294
0.882
4.562
-2.233
-0.244
-0.41
0.27
-1.13
-0.244
-0.112
0.882
0.777
-0.244
0.949
0.869
-0.244
0.27
0
0
0.777
0.76
0.777
0.882
1.369
0.882
-0.244
0.535
0.535
0.535
0.535
0.27
0.882
0.27
0.535
0.27
0.777
1.146
-0.892
7.0
-1.274
0.767
0.51
0.882
2.109
0.356
0.732
-1.217
0.803
0.882
2.452
0.535
-1.708
0
