2.119
2.167
2.833
1.912
0.754
1.246
-1.044
2.134
0.265
1.949
1.853
0.599
0.477
0.805
2.272
-1.64
2.167
0
-0.086
0.929
2.167
0
2.139
2.101
4.05
-1.414
-1.662
1.254
0.477
2.67
6.28
-0.096
0.478
2.167
1.366
0.747
0.599
2.894
0.477
1.364
1.928
-0.592
0.985
-0.565
2.275
0.599
2.167
0
-0.78
1.911
0.477
-6.314
4.287
-5.213
-0.253
2.012
2.167
-1.354
2.167
3.581
1.28
-1.543
1.846
0.599
1.906
2.24
2.208
8.652
2.733
0.72
0.599
1.167
-0.576
-0.026
2.548
-0.833
-0.782
-1.617
-1.009
0
-0.952
-0.14
-1.17
-1.598
1.401
-1.782
4.196
0
-1.409
-0.308
2.167
3.11
-1.703
-0.843
2.065
-1.951
3.513
0
2.334
-1.3
1.825
0.857
-1.437
3.946
-0.671
2.167
-0.151
0.208
3.899
7.375
0.477
-2.785
0
2.167
-0.47
0.571
0.112
-1.581
0.303
-0.09
-0.513
-0.239
0.792
1.911
0.621
-1.699
-1.192
-0.101
-0.937
1.618
1.1
1.757
-1.491
0.73
-1.512
0
2.167
-0.07
0.599
-0.506
0.608
-0.041
1.897
0
2.167
0.16
2.843
4.191
1.106
0.338
2.167
-0.766
-1.626
-0.868
-0.473
1.761
2.017
-1.625
0.521
-1.864
3.302
-0.752
2.271
-0.041
0.162
-0.503
0.303
2.887
-0.673
0
0.015
-0.053
2.167
-0.764
1.746
2.158
1.064
1.618
0.903
1.583
3.64
3.698
-0.354
5.568
1.255
5.859
4.345
4.766
3.95
1.668
1.257
2.585
1.935
5.936
0.258
0.587
-0.692
-0.981
0.927
1.169
-4.696
-2.669
2.742
5.047
-0.177
3.059
1.149
7.722
0.207
5.339
1.052
0.825
2.293
0.007
0.004
0.724
-0.361
-0.16
-2.374
3.334
7.547
1.336
-1.03
5.318
0.599
1.542
0.748
3.36
0
2.167
0.693
0.489
-1.474
1.273
-1.832
1.564
0.245
-1.114
3.063
-2.797
7.659
-1.828
-1.138
0.34
-1.719
1.354
0.541
-0.445
1.432
4.249
1.086
3.632
1.704
0.629
0.021
-0.464
0.792
-0.511
-1.402
1.666
-1.138
0
2.167
0.446
1.071
2.291
0.792
3.852
-1.81
3.647
-3.697
3.021
-0.887
-1.567
0.3
-0.817
5.608
-1.615
0
-0.829
2.167
0
1.525
1.599
0.76
-2.914
0.856
-0.441
-0.73
-0.282
2.068
2.167
4.774
-0.765
2.043
1.409
-2.089
8.545
2.167
0.106
-0.171
0
1.965
0.754
0.458
5.489
-1.309
2.167
0.045
0.397
0.114
1.718
0.707
-2.183
4.615
3.309
2.96
2.66
1.706
0.021
1.29
-0.023
0.527
-0.041
-2.574
-0.789
2.167
1.297
-0.907
2.167
1.201
0.558
6.057
4.518
-3.914
2.332
2.162
6.833
2.588
1.668
2.383
0.261
0.335
-0.504
1.532
9.001
0.077
1.599
2.719
2.167
-4.178
-1.705
-1.994
-1.546
5.558
-0.943
3.532
1.864
2.239
8.216
-0.686
1.807
5.996
0.324
-0.143
1.22
3.139
1.711
0
-1.719
-0.503
4.384
4.108
-0.422
2.521
2.893
6.269
-1.658
7.684
3.906
1.122
2.112
0.792
0.551
1.683
-1.069
-1.743
-1.746
2.102
-0.903
2.167
2.309
3.852
3.647
1.525
1.599
0.76
2.167
-2.914
-0.282
2.765
2.167
-0.441
-0.73
0
2.271
-1.122
-0.44
2.167
0.52
0
0.3
0.316
-2.125
0.258
3.786
0.288
1.329
6.57
1.069
0.002
0.492
0.478
2.167
4.933
2.167
0
2.167
0.04
0.652
2.921
0.951
-0.119
3.168
0.599
0.46
-0.577
-1.294
-0.548
-0.108
3.558
1.787
2.786
1.257
2.264
0.012
0.088
3.659
1.191
-0.162
-0.074
0.16
2.167
1.498
2.167
2.37
5.373
0.311
1.82
-1.295
5.957
3.212
0.039
5.175
-0.598
2.183
0.277
-0.66
-0.295
-2.69
-0.914
2.29
0.139
2.264
1.646
2.549
-0.798
-1.19
2.167
0.508
3.544
2.167
4.758
1.352
0.235
-1.587
2.167
-0.469
-0.869
-1.017
-2.906
-0.232
-1.607
0.394
-0.016
7.284
5.8
2.167
1.722
4.374
0.669
0.464
-1.397
0.444
2.167
2.167
0.657
-0.985
2.351
-0.488
2.36
0
2.167
5.239
2.167
0.241
1.688
-0.887
2.167
-1.242
-0.865
-2.291
-0.709
0.599
0.836
2.167
1.071
-0.236
-1.236
-0.392
0.599
-0.608
1.702
2.167
0.887
1.031
1.03
-0.418
-1.287
2.653
-1.854
0.881
-0.719
2.167
2.528
3.443
1.568
1.304
1.432
1.934
2.167
1.355
-1.936
-0.805
2.167
1.31
-0.444
1.949
2.94
0.119
3.167
1.065
4.992
2.624
3.238
5.164
2.917
2.167
0.478
4.372
2.167
4.003
0
2.167
0.578
2.167
4.849
0
-0.295
0.479
1.348
0.729
3.566
2.167
-0.186
2.167
1.368
0.272
0.701
0.335
-1.384
6.317
2.578
1.452
3.315
1.306
0.599
1.787
1.462
2.167
3.93
-0.587
0.654
4.046
1.617
0.802
3.472
1.815
3.296
2.144
0.096
1.949
2.958
0.323
0.927
1.169
-0.208
-0.148
-0.208
1.193
2.167
0.02
1.239
3.381
2.167
0.495
3.755
2.167
2.167
4.008
-1.016
1.741
1.196
-1.533
3.498
-0.279
-0.579
5.738
-0.057
0
3.237
-3.709
1.949
-1.655
1.48
-0.363
-1.332
1.556
1.276
2.167
0
1.43
2.365
-1.296
3.105
-2.722
-0.922
1.341
-1.701
-0.638
-0.142
1.616
2.167
-0.527
0.629
-4.116
-0.826
0
-1.005
-0.225
0
2.167
1.27
7.18
0
2.167
-0.551
2.167
2.167
2.113
0.514
2.167
2.409
0.338
0.87
0
-0.306
-0.856
0.125
1.147
0.338
-1.39
3.26
4.632
-0.851
0.901
1.735
1.01
-1.138
-2.482
4.792
-0.457
1.458
0.814
2.167
0.796
1.118
-1.6
2.167
1.779
2.167
0.527
0.738
5.972
2.196
-1.883
5.177
2.167
-0.209
6.334
2.167
-1.035
-0.813
-2.422
-0.765
0.226
-0.87
1.774
-0.927
-1.22
2.167
-0.314
-1.248
0.075
-0.298
-0.147
2.167
-2.945
1.723
-0.738
-1.408
-0.012
2.445
2.167
6.24
0.015
3.166
6.81
2.167
2.494
6.838
2.012
-0.356
-1.081
0.589
3.795
3.495
-1.232
0.599
-0.179
0
-0.45
4.135
0.338
-0.495
5.087
1.023
4.094
2.167
-0.004
1.401
-3.894
3.489
5.205
2.167
1.271
1.73
0.478
0.565
2.167
-0.62
0.676
2.167
-0.068
2.394
0.657
2.167
0.599
0.087
-0.096
1.349
4.555
4.942
0.329
2.22044604925e-16
2.167
0.927
2.167
-1.223
2.2
2.167
1.275
0
2.253
2.167
-0.687
2.167
3.958
-1.702
0.102
3.531
2.167
2.167
4.944
-0.899
7.069
4.772
0.95
4.011
-0.623
1.88
3.301
0.714
1.829
2.167
2.167
2.167
4.384
2.167
2.167
-2.656
-1.027
3.686
1.552
0.859
-0.339
1.204
0.308
0.716
11.594
-0.825
1.026
2.167
2.167
2.167
2.167
0
6.906
7.511
-0.185
1.668
4.657
3.653
2.167
2.167
0.273
-1.431
-1.881
2.167
2.335
0.751
2.111
-1.832
2.167
0
2.167
-0.329
1.827
2.865
2.334
3.496
0.375
-1.941
0.336
0.317
-0.563
0.478
2.167
-0.002
1.578
-1.69
2.167
1.596
4.919
3.888
2.12
-1.036
-1.546
0.261
-1.209
-0.769
-0.073
1.495
3.628
3.837
-1.721
1.644
1.966
0.017
-1.606
-0.215
2.167
0.072
0.585
-1.404
-1.758
-0.841
0.366
0.907
-0.762
0.413
0.751
2.167
0
0.452
2.507
-0.962
-0.182
5.053
0.742
2.167
0.053
-1.644
1.844
2.01
1.171
1.719
1.071
0
2.167
0.839
-1.332
0.776
0.548
0.284
-0.782
-5.12
3.981
0.243
1.26
-0.675
0.472
-1.248
-1.265
3.621
-1.072
1.157
-0.729
0.419
0.024
4.115
2.735
-0.473
2.212
-1.833
0.156
2.167
-2.222
2.283
2.167
1.789
1.2
1.554
-0.432
3.34
-0.123
3.126
0.403
-0.769
-1.068
2.033
-0.02
-0.032
2.167
0.128
1.694
1.007
2.167
0.478
2.444
-1.117
2.603
2.907
3.586
3.09
0.547
4.503
0
-0.666
3.675
0.583
-1.485
1.299
2.231
-1.072
1.045
3.541
2.971
1.746
-0.049
0.599
2.167
0
-5.489
-1.185
-0.251
1.449
3.601
4.36
0.771
-1.706
2.167
-0.931
2.073
0.374
-1.073
0
2.813
0.36
0.599
0.498
-1.041
-9.473
-0.573
0.543
3.452
1.146
-0.316
1.135
1.103
1.899
1.21
0.599
2.167
8.014
7.106
0
0.354
-2.394
0.983
1.653
12.515
0
-2.063
2.167
0.659
2.42
1.642
2.167
6.352
1.363
-3.374
2.167
-1.821
3.755
2.484
2.167
-0.806
2.167
2.167
-5.159
-3.805
2.176
-0.37
4.433
4.284
4.163
3.201
2.167
0
1.142
1.604
0.53
-0.147
3.719
5.455
1.31
0.846
0
2.167
0.103
2.167
-1.117
-1.937
-1.814
2.764
0.458
7.102
-0.412
1.933
2.456
1.278
1.389
0.781
0
0.067
2.167
1.949
3.568
0
2.167
1.954
0
-4.991
-0.853
5.291
3.134
1.775
13.063
0.616
1.01
2.66
1.915
0.538
2.167
1.239
2.167
-1.138
2.167
4.249
2.167
-0.242
-2.124
1.499
-0.743
1.941
1.721
0.237
2.167
1.209
0
2.167
-0.511
2.007
-1.547
2.535
1.262
5.102
0.712
1.024
-2.286
-2.086
0.573
-0.168
0.645
0.208
0.091
0.628
0.263
2.028
2.048
0.899
-1.984
0.205
0.122
1.736
2.344
-1.089
-0.437
0.13
0.599
2.167
-0.869
0.719
-0.611
0.469
-0.847
-0.46
-1.594
0
-0.222
1.969
5.26
0.04
-2.117
3.263
4.092
2.167
1.405
2.878
1.358
0.36
4.283
-1.138
-5.287
-0.743
4.137
2.746
0
2.167
1.39
-0.792
0.158
1.01
1.052
4.508
0.887
0.358
1.115
-2.264
1.959
-0.368
2.167
0.715
-2.72
2.046
5.856
-0.16
0.668
2.167
0.17
-1.651
2.167
0.958
1.421
2.167
-0.045
-2.67
2.167
0.226
0.599
-0.137
4.346
0.561
1.59
0.191
0.505
-0.078
4.034
3.498
2.167
-0.725
2.804
-0.316
3.774
5.616
0.792
0.8
0.478
2.167
-0.594
2.427
1.299
2.964
2.207
0
2.167
0.401
0.119
-0.862
3.911
3.615
3.318
1.545
2.167
0
1.101
0
2.167
-0.999
1.792
2.204
2.711
1.887
2.167
-1.735
7.318
2.26
1.112
4.033
-0.755
2.167
2.062
-1.62
2.533
1.949
-0.306
2.167
-0.358
2.167
2.167
2.167
2.167
0
2.167
0.118
4.104
3.163
5.028
2.167
1.043
6.356
5.769
2.167
-0.214
2.167
0
-0.44
-0.648
1.069
0.126
-1.286
1.353
2.167
7.068
0.298
1.643
1.859
2.167
-1.319
2.318
2.167
5.298
0.911
2.167
2.274
0
1.402
0.546
0
4.534
0
4.113
1.421
1.139
0.818
0
2.167
2.029
0.599
2.167
1.156
3.661
0.173
3.365
2.167
0.893
-1.503
-2.064
0.53
3.068
7.279
4.734
-1.926
-1.503
-1.038
0.389
-0.024
-2.497
0.977
-0.371
-1.503
-2.064
0.477
-2.497
-0.445
3.892
5.591
-0.843
5.591
8.383
-2.044
1.038
9.233
-1.392
-1.503
-2.064
7.91
0.599
-1.503
-2.064
-2.064
8.786
1.038
-2.064
-0.836
0.255
8.786
-2.497
-0.064
-1.503
-0.836
8.786
0.656
0.796
-2.064
0.477
4.987
-2.157
-0.633
8.786
8.786
3.269
-2.157
-1.3
-0.633
1.038
-2.157
8.786
-1.503
2.097
8.786
-0.836
-0.836
0.857
1.157
8.786
0.935
2.167
2.39
-2.718
9.036
0.555
-0.836
-1.342
-2.718
6.805
0.73
-2.064
8.786
-0.371
-2.43
0.73
8.786
-1.3
-2.064
-1.903
8.698
-1.076
-1.365
-1.406
2.167
0
0.73
-2.157
0
8.786
1.038
-1.503
8.617
-1.83
-2.064
1.714
-2.064
-1.503
8.786
5.814
2.002
3.238
-1.882
0.477
-2.211
8.786
-0.836
-1.129
-0.836
2.416
1.987
-0.068
8.786
8.786
-2.157
-1.503
0.774
4.034
-1.503
8.786
-2.064
1.72
8.786
-2.267
-1.255
-1.3
-2.064
8.786
-3.058
-1.129
-1.599
-2.064
3.112
-3.239
-1.503
0.599
-1.503
-1.66
-7.011
2.029
-0.633
-1.087
-2.064
8.786
-0.355
-2.064
1.038
0.504
-3.314
-0.836
-1.343
2.402
-2.314
-1.351
0.852
1.088
0.697
1.895
-1.635
-0.427
-0.154
-2.16
-0.499
2.645
-1.117
2.167
0.862
1.151
0.84
3.141
0.599
3.589
2.099
1.199
1.807
-0.083
-1.145
-0.148
0.182
-1.667
3.645
2.167
1.813
2.195
0.424
2.167
1.332
-1.341
-1.223
-3.102
1.825
-0.177
-0.049
-0.369
-7.011
0.213
-0.658
-0.148
1.984
2.049
4.838
-1.435
0.79
2.354
0.64
1.949
-2.064
4.033
0
3.072
0.659
2.377
-1.88
1.054
0.85
-0.588
0.185
-0.736
-1.299
-1.155
-0.684
2.167
1.021
0.407
0.467
0.051
-0.512
2.744
-0.316
4.099
-0.07
0.795
0.904
-1.758
2.377
-1.284
0.33
-3.386
1.178
-2.183
0.969
-0.45
0.98
2.218
0.888
0
0.599
-1.324
1.525
-0.089
5.05
10.549
2.685
-0.642
0.472
1.171
2.167
1.006
6.729
1.996
0
0.623
0.599
3.195
2.167
6.251
-1.686
2.049
2.877
5.556
1.272
2.515
0.86
0.631
0.435
-0.377
1.551
2.167
5.416
0.18
2.167
0
-0.2
3.347
3.49
6.719
0.42
5.495
0.599
0
9.575
2.167
0
3.004
-0.858
1.294
2.413
3.009
2.035
2.631
3.513
2.645
3.114
3.108
-0.943
2.341
1.047
1.296
-0.943
1.252
1.262
3.599
1.733
2.864
-5.567
0.713
10.299
5.947
0.223
2.217
0
0.361
-2.978
-0.899
-1.602
-2.134
3.308
2.544
1.508
4.865
5.38
0.599
0.332
2.499
4.681
7.579
0.472
-0.615
1.502
1.254
1.614
3.444
0
0.087
0.027
0.283
-7.399
-0.282
3.676
2.696
8.43
-0.996
-0.678
1.364
2.116
-3.617
-0.857
-2.488
-0.249
3.174
1.473
0
2.167
-3.644
0.622
0.63
-1.865
-0.279
0.977
5.267
-0.548
1.528
-0.206
0.605
1.029
6.474
-1.994
-0.952
-0.505
-0.484
0.897
0.586
0.097
2.167
5.992
3.61
1.316
3.182
3.029
-2.312
-0.892
2.301
-0.456
7.04
2.728
0.239
5.854
-0.255
-0.443
0.136
3.632
1.597
-0.325
-0.557
2.167
0
2.01
-0.744
1.266
1.245
-1.411
2.167
1.577
-1.868
1.483
0.905
4.223
-1.137
0.599
-1.66533453694e-16
1.853
0.813
1.061
1.718
-0.83
4.461
-0.651
-1.64
3.969
1.391
-2.875
2.308
-3.218
0.767
0.728
1.023
-0.447
0.198
2.167
0.45
0.732
1.047
1.946
1.757
0.619
-4.46
0.637
1.859
-4.46
1.859
2.67
0.843
-0.385
3.195
-0.087
-0.425
5.451
-2.126
0.478
2.167
-1.732
0.052
1.109
-1.137
3.061
2.398
-0.803
6.988
-2.183
-0.59
1.644
1.272
-0.087
2.167
0.146
2.135
-0.892
-4.46
1.859
2.975
-3.055
2.167
0.638
2.769
2.042
2.167
-1.206
2.785
2.77
2.167
3.712
4.384
-0.639
2.472
2.108
-1.701
2.167
0.979
2.167
0
2.491
-4.46
1.859
0.442
-3.554
1.559
0.786
0.05
1.534
6.879
1.153
4.224
1.786
3.323
1.755
0
-0.337
4.392
0.8
0
2.167
0.075
0
1.611
-0.375
-0.358
4.192
1.603
0.409
1.53
5.041
3.253
1.025
2.246
3.295
0.697
1.895
1.946
-0.358
0.173
2.167
2.167
2.648
2.566
-4.356
-0.822
-4.818
-0.091
0.295
2.96
0.522
2.059
0.491
2.167
0
3.565
0.479
2.339
2.448
-0.091
-0.907
-1.267
2.167
1.937
0
7.438
4.825
0.442
-3.554
1.559
4.224
1.786
3.323
1.755
-0.877
3.972
1.332
0.708
4.221
0.806
2.727
0
2.167
-0.087
0.241
0.599
4.575
2.167
0.599
0.599
2.042
1.047
4.906
5.613
2.029
-2.945
2.167
1.724
0.598
3.636
1.949
7.695
0.451
2.167
0
0.006
6.302
2.116
-0.068
0.153
2.167
3.655
2.167
0
2.167
1.855
-0.136
-0.981
2.589
0.714
2.181
-0.775
0.575
1.2
0.333
4.973
-1.826
2.213
2.605
1.544
-0.933
2.875
0.439
2.167
0.134
-0.371
-0.821
2.167
6.491
-4.386
0
2.167
-1.026
1.213
2.175
-1.124
1.376
-2.146
0.139
1.531
3.317
3.998
-0.063
