0
0
0.83
0.451
0
2.193
-0.027
3.149
0.579
0.437
0
2.751
0
0
-5.928
0
2.496
-5.173
-0.62
0.38
3.297
0.901
-1.175
4.069
-3.04
-0.707
1.238
-2.703
1.18
2.143
-0.737
0
-0.019
0
-0.62
0
4.365
-1.303
0
0
0.08
0.258
-1.932
3.217
0.238
-0.488
0.458
0
0
0
-2.066
0
-1.061
0
0
0.762
0
-1.166
-0.524
1.267
0.861
0.29
0
0.587
0
0.258
-0.474
0
0
0.814
0
-0.31
-0.055
0
0.694
0.29
0.478
0
0
0.344
0
0.843
-2.155
0
-0.246
0
-0.31
4.536
0
1.099
0
-0.614
2.224
0.036
1.435
2.714
0
0
0
0
0.701
0.478
0
-2.066
-3.322
2.046
0.593
-0.786
0.117
-0.429
0
3.916
2.02
0.86
0
1.682
-1.722
-0.625
-0.31
0.168
0
2.944
0
0
0
0
-6.06
-0.987
0.478
0.668
-0.593
1.525
1.171
0
-1.045
0.048
1.05
0
0.478
-0.371
1.004
0.957
0
0
0
1.017
0.906
-1.414
0.943
1.682
1.623
0
0
3.186
5.478
-0.77
1.542
-1.303
0
0.255
0
0.478
0.168
0.634
2.065
0
2.851
0
0
0
1.274
2.564
-0.62
0
-0.009
-5.472
-0.212
-0.31
0.838
1.699
0
2.921
0
-0.707
-1.303
0.478
2.168
-0.054
1.302
1.325
0
0
0
0
-0.739
0
0
0
0
0.638
0
0
2.168
-0.054
1.77
0.949
-0.35
0
0.278
0.16
-0.31
1.656
-2.486
1.066
-0.054
0.986
7.574
0.672
-0.628
1.778
0.796
5.0
1.267
0
-0.809
0
-2.518
0.686
2.424
2.237
0
0
-0.677
0
-0.765
-0.31
1.238
-1.265
0
0.545
1.893
0
0
-4.999
0
0
1.749
0
1.864
-2.535
-1.123
0
-0.31
0
0
-4.999
7.025
0.664
0.691
0
0.076
1.362
0
7.356
0.886
1.171
0
0.478
0
0.354
0
0
0.588
0.168
0
0.528
0.551
0
6.053
0.814
-0.267
-1.529
1.229
0
0.477
-1.828
0.478
0.514
4.168
0
3.781
0
0
1.204
0
2.82
4.502
2.306
1.467
-0.31
0
-0.004
0
-0.062
0
0
0
1.599
0.121
0
0.023
-0.659
-2.116
-0.503
0
0.161
-0.307
1.419
0
0
1.187
3.783
1.332
0.778
0
1.227
1.238
0
0.836
-0.027
-0.544
-0.684
-0.555
2.087
0.861
0
0
0
2.651
0
-0.691
-0.065
-0.31
0.076
0
-1.364
0
0.478
0
0
2.114
2.368
-1.25
-0.31
10.0
5.543
0
0
0.16
-0.214
-1.966
0.61
2.018
-0.054
1.577
0.324
0
0
-1.585
0
0
4.786
1.308
0
0
0
0
0
0
-2.486
1.612
0
0.885
2.19
0
0
-0.533
0
-0.019
0.779
0
-0.214
0
0
0.646
-0.357
0
-2.239
2.168
2.213
0.181
0.623
-2.39
4.033
0
0
-0.054
-1.413
0
1.047
0
-0.469
0.814
1.275
0.701
0.545
0
-0.012
0.132
0.16
-0.353
0.307
-0.437
3.457
2.021
0
-0.324
0.115
1.147
-0.31
1.618
-0.054
2.168
0
-3.454
-0.214
1.259
0
0.867
0
-0.31
-4.999
-0.334
-0.054
0
0
0.796
0
-0.31
0
0
0
-0.429
0
0
-0.765
0
-0.469
0
-0.054
0
0
0.423
0.591
2.422
1.471
-1.509
-0.31
0
0
0.814
-2.525
3.644
0
-0.638
0
0
1.265
1.067
0
-0.044
5.144
-0.214
0
-2.239
1.588
0
0
-0.027
0
0
3.781
-0.194
0
0.458
0
1.33
2.167
-1.123
0
0
7.55
-0.059
-0.461
0.229
-0.31
-0.032
0
0.748
2.481
-0.056
0.209
0.16
5.992
0.418
0.832
0.175
-0.163
-0.661
0
0
3.229
0
0.679
-0.429
0
0
0
0.262
0.478
0
-7.459
0.924
2.646
0
0.478
2.168
-2.478
0
0
-0.332
1.305
0.979
0.147
0
-0.373
1.238
-4.174
2.674
0
0
3.231
0.66
2.916
-1.641
0
0
-2.009
-0.77
0
2.27
0
-0.479
0.618
1.565
1.822
0
-1.826
-0.716
0.814
0
-0.41
1.853
-0.214
0
0
-0.441
0.224
1.006
1.194
0
0
-0.054
0
1.238
-3.427
-0.31
-2.447
-0.348
0
0
0
2.345
0.922
-0.715
0
2.254
3.138
-0.054
3.271
0
0
0
7.311
5.053
0
4.388
-2.514
0.478
0.143
0.962
-1.084
0.023
0
-0.429
-0.31
9.264
1.611
0
2.623
1.315
3.554
0
-0.18
-1.353
-2.98
0
1.964
0
2.196
0
0
2.087
-1.245
0.478
0
0
0
7.843
-2.671
0
-0.82
0.766
-0.429
-0.77
0.565
0
0
0.104
0
0.29
0.679
0
3.438
0
1.457
-4.185
2.172
1.655
3.245
0
-0.895
0
1.144
0
1.467
4.402
0.043
-3.588
-0.437
0
0
-0.652
0.295
3.037
-0.019
-0.994
-0.82
-1.13
0.292
0.747
1.03
1.34
7.005
0.501
2.618
0
0
0
0.766
0.29
-0.77
-2.028
3.525
-0.429
2.625
-1.371
1.394
-0.066
0.461
-1.959
0
1.275
-0.858
0
0.458
-1.759
0
3.19
0
1.238
0.814
0
0.746
0
0.184
1.327
0
-1.201
0.478
0.596
-1.255
-0.214
0
0.645
-0.027
0
0.177
1.395
-5.589
0
2.108
-0.33
0.478
0.451
0.617
2.515
0
0.522
0
-0.175
2.167
-2.944
0
-1.663
0
0
0
0
0
-0.252
0.478
0.16
-0.455
7.599
1.812
0
1.275
-0.429
0
0.072
-0.775
1.26
0.146
-4.663
-0.054
0
0
-0.85
-1.01
0.742
-0.36
0.168
-0.004
-0.214
1.554
1.084
0
0
0.502
0.377
0
0
0
0.54
-0.12
1.325
0
-0.473
2.772
-1.032
-0.664
0.38
0
0.225
0
0.344
-0.054
0
-0.614
1.566
2.342
-3.29
0.646
0
1.435
4.139
-0.307
2.277
0.478
0.478
4.876
0.146
2.15
0
0.568
0
0.478
-0.835
0.53
0
4.139
0
-1.303
2.507
-0.191
-0.739
2.981
-0.111
-5.309
0
-0.577
-3.495
1.495
0.478
0
0
0
0.861
0
-1.725
0.365
-0.31
5.0
0
-0.083
2.342
2.093
-0.82
0
0.136
0.796
-0.55
0
0
0.468
0
1.107
-0.907
0.989
1.02
-0.778
0
2.564
3.79
-0.524
4.139
1.004
3.046
0
0
-0.31
0.528
0.963
-0.426
-0.801
0
0
-0.531
0
0
-5.472
-0.242
2.424
-0.324
-0.409
0.809
1.122
0.956
-0.3
0
0.478
0
0
0
-2.133
2.145
0.509
-0.31
0
1.67
1.225
0
0
-4.999
-2.945
0
0
-0.197
0
1.809
0
0
0
0.907
0
0.522
-0.31
0
1.088
-0.67
2.626
1.513
2.168
0.478
0
0
0
4.674
0
1.927
0
-0.375
0.128
0.734
3.517
0
0.166
-0.027
0
0
1.186
-0.31
1.949
-0.614
-0.278
0
-4.966
0.114
-1.494
-0.82
1.856
1.554
1.106
4.564
-2.796
0
-0.31
2.751
0
0
0
-0.317
0
-5.472
0
1.988
-1.303
-0.079
-5.472
4.146
0
0
0
-1.773
-0.054
-0.142
0.845
0
-0.214
0
-5.968
0.885
1.946
0
1.107
-4.927
-0.089
7.805
-0.969
-2.605
0
10.0
2.237
0
-2.363
0
1.238
2.002
0.646
0
2.126
1.26
1.14
1.188
0.478
0
3.138
-0.62
2.526
-0.245
-3.163
0
0
0
1.429
1.969
2.83
-0.044
5.202
-0.801
0.934
-0.791
0
0
1.954
-3.454
0
0.183
0.796
0
0
0
0
0
1.225
7.067
0
2.429
0.013
0.441
3.328
0
0.324
0.076
0
0
1.194
0.375
0
0.29
-1.303
0
0
0
0
0
1.985
0
0.692
1.148
0.423
0
0
-0.907
0.478
3.124
1.549
0
0.883
-0.678
0.682
0.549
0
2.867
4.193
0
-5.029
0
0
3.36
1.195
0.756
0
6.426
0
1.194
0.098
-0.429
0
0
0
2.422
0.29
1.124
1.094
0
0
0
2.055
0.16
-0.214
-0.31
-0.054
0.017
0
1.949
0
0
1.613
-1.91
0
1.612
4.467
0.554
1.682
0
0
1.279
0.478
-0.214
-4.145
-0.155
0
0.274
0.13
0
0.478
0
-4.709
0.161
2.208
0
5.0
0
0
-0.437
0
1.609
0.68
0
0
2.358
0.264
-0.31
2.145
0.814
2.168
-0.28
0.414
0.647
-3.368
0
0.817
-0.055
1.171
3.336
0
0
0.478
-2.486
-1.627
0
-0.729
0
0
-0.163
-0.054
-5.319
2.178
1.663
0
0
0.933
0.107
-0.437
0.478
-0.214
-0.214
0
3.408
0.004
0
0
0.864
0.072
0
1.658
1.682
0
11.189
-0.368
1.612
0
0.069
1.3
0.371
-0.53
2.398
0
0
0
0
-0.31
0.645
-1.054
0
-1.303
-5.385
0
0.324
-0.31
0
-0.95
0
0
0.072
0
0
0
0.478
0.606
0
3.294
1.621
4.906
-0.99
0
0.072
-0.773
0
3.235
0
0
0
-0.366
1.252
0.989
0.478
-4.637
-0.31
2.343
-0.452
0
1.749
3.033
0
0
0
0
-0.373
-0.245
0
0
0.091
0
1.454
1.789
0
0
0
0.861
0.542
2.951
-0.124
0
0
0
-5.363
3.07
0.542
2.557
-1.13
0.062
-0.054
0.257
0.233
1.927
0
1.911
0
-1.631
-0.119
-1.303
0
-0.643
1.186
0
1.459
0
2.357
-0.31
-2.945
0.076
0
0
1.618
-0.009
2.143
-0.373
1.035
0.647
0
-0.084
-4.521
-0.524
-0.109
0.828
0
0
2.165
0.579
0
0.831
0
-0.77
-0.054
0
0.686
0
-0.489
0
-0.31
-4.092
1.85
5.0
0
0.645
0.465
-0.034
4.012
1.086
1.171
-0.432
0
0.551
0
0
0.478
2.95
-0.032
0
0.457
0.944
1.3
-0.647
0.039
0
0
0
3.781
0.168
-0.296
0
0
-1.303
2.023
0
0
0
1.244
1.098
-0.141
0.956
2.646
0
0.977
0
0
0
0
-0.214
0
0.34
0
1.865
-0.262
0
1.583
0
0
3.866
0
0
-0.157
-0.173
2.924
-5.285
0.072
1.609
2.144
0.478
0.344
-0.084
-0.414
1.803
0.478
-0.893
-0.656
-0.054
0
0.93
3.704
-0.027
0.296
-1.368
0.861
0.945
4.966
0.478
-0.31
0
0
0
0
0
1.522
0
1.171
0
0
0.847
-0.426
-1.907
0
0
-8.226
2.424
0
-0.31
0
0.263
0
1.682
-1.121
0
0
0.345
0
0.554
-1.102
-0.348
0
-1.085
0.419
0
-1.432
-0.054
0.139
0.465
0
0.55
-1.277
0
-0.004
-1.395
0
2.827
0.072
0.607
0
0
-1.004
-0.054
1.369
-1.383
3.475
-2.2
0
0
0.538
2.62
-0.628
0
0
1.927
0
-1.224
1.929
0
1.106
-0.246
-0.393
0
1.531
0
1.064
-0.279
0.478
0.165
0.859
0
0
-0.437
-0.32
0
0
2.055
1.964
1.194
-2.896
0.264
1.699
0
-1.747
0
-0.31
1.485
0.478
0.008
0.551
0.224
-0.429
0
2.82
-2.282
3.006
3.484
0
0.018
1.197
-0.054
1.777
0
-0.77
0
0
-0.62
0.05
0
-0.62
-0.13
0
0
-0.054
0
0.883
-1.915
0.369
-0.82
-3.456
-1.956
0.632
0.883
0
-1.24
-0.027
-3.978
0
0.171
1.697
-0.054
0.515
-0.36
-1.313
0.97
-1.302
-0.222
0.573
0.507
-1.91
0
0
0
1.171
-4.002
0
1.247
0.169
0
0.545
-0.534
1.777
-5.03
1.768
1.265
0
0
-0.244
0.312
0.168
1.864
0
-0.055
2.925
0
0
0
0.385
-1.359
-0.31
0
0.8
0.115
0
0
-0.353
0
0
-4.999
2.419
0
-1.91
0.686
-0.702
0
-5.472
0
0
0
0.477
-0.31
-1.492
-0.111
1.171
0
0
-1.336
-1.834
0
0.517
-5.472
1.789
0
1.766
0.734
0.16
1.292
-0.614
0.376
0
3.545
-0.31
-0.054
0
-0.456
0
-0.907
0
-2.684
0
-0.037
-5.826
0
0
1.895
-1.313
1.657
2.148
0.227
2.824
0.082
0
0
-1.285
0.146
0
0
0
0
0.354
3.087
0
0
0
0
0
0.551
0
1.232
-0.027
0.447
0
0
1.053
0.414
-0.31
1.864
1.611
0
0.643
0.303
0
0.746
1.527
1.427
-0.465
-0.31
2.033
2.662
0
-0.989
-1.338
0
0
0
-0.214
0
2.556
0
0.478
0
-0.684
2.528
-0.174
0
0
0.299
-4.999
0
-4.856
3.555
-0.038
0
0
1.295
0.671
0
-0.137
-0.054
2.646
0.993
-0.77
0
1.457
0
0
0.528
-3.451
-0.843
1.328
0
0
-0.779
0.752
0
4.004
0.231
-0.63
1.455
0
1.212
0.578
0
0
1.623
0
0.451
1.258
0
0
0
1.682
-0.31
4.859
-4.521
0.226
2.309
-0.373
0.418
-0.194
0
1.577
0.467
0.262
0.245
6.809
0.367
-0.31
2.817
0
0
-1.303
-0.673
-4.781
0
0.826
0
0
0
0
0
0.478
-0.027
1.63
-0.142
0
0
0
4.29
-0.115
-1.964
0.997
-0.175
2.276
1.57
0
0
-0.31
0.694
3.261
-1.73
0
1.171
0
2.73
0
0
0
-0.31
-3.777
0.638
0
-0.054
0.538
0
0
0
-0.054
-2.504
3.435
0
3.43
2.072
0.5
0
0.403
0
0.397
-0.31
0
-0.771
0
0
0.548
-2.796
0
3.164
-1.357
0
6.082
3.307
0
7.597
2.551
-0.054
-0.332
0
0
0
0
4.002
0
0
0
0
-2.699
-0.793
1.537
-1.096
1.238
-1.303
-0.039
0
1.325
0
0
2.094
-0.096
1.325
0.615
-0.684
-1.046
0
0
0
0.528
0.478
0.093
-0.066
0.956
0.817
1.816
0
-0.393
-0.054
0.072
-4.999
-0.321
0.354
0
0.168
0.649
1.194
0
4.69
0
0.781
1.949
0
-0.393
-3.056
-0.526
0
0
0.478
4.281
-0.31
2.044
0.072
0.478
0.29
0
0
0
0
1.536
0.733
0
0
0
1.972
-0.123
-1.482
0
2.66
1.486
3.602
0.451
0
1.038
0.778
0.478
0
0.545
0
-0.209
1.048
0
-0.624
-0.292
0.583
0.262
-0.614
1.915
1.693
-1.303
2.052
0
1.846
0.732
-0.429
0
0
-2.525
3.14
0.9
0
1.157
-1.172
1.467
0
0
-0.054
0
1.471
-0.725
-0.214
1.501
0
-0.087
0
0
1.577
-0.31
1.486
0.478
-0.191
0
-1.25
-0.363
0
0
0
-0.77
0.021
-0.054
0.528
0.694
0
0.478
0
0.16
-0.31
0
0
0.979
-3.79
1.872
1.05
