-0.12
1.826
0.873
0.176
-1.843
0.705
0
0.072
-0.134
0.478
0.647
-0.272
3.559
-0.214
-1.604
0.176
0.072
0.118
1.151
1.751
0.632
0.407
0.407
0.037
0
0.543
2.589
0
0.349
0.628
-5.003
0
0
0
3.465
0.19
1.599
0.176
-1.012
0.407
0
0.176
-2.073
0
0
0.766
2.395
0
-1.445
3.026
-0.214
-0.214
-2.471
0
0
-5.707
5.042
-0.214
0
0.688
0
-3.198
1.655
0.176
2.528
-1.372
-0.517
-0.488
0.176
0
0
-1.415
-0.214
0
-4.769
-0.502
9.758
0.478
0.694
0.176
0.478
-3.669
0
0
2.184
3.323
-0.214
0.651
-0.778
-1.13
1.861
0
0
1.361
0.614
-0.121
1.269
0.517
1.117
0.29
0.506
-0.214
0.176
1.335
-0.214
0.478
1.163
-0.298
0.072
0
0
1.171
-3.022
-0.311
-0.437
0.879
0
0.176
0.176
-0.615
-2.086
0.535
-0.214
1.166
-0.243
0
0.176
0.176
-2.143
0.036
0.036
0.176
2.209
6.036
1.221
0.478
0
3.318
1.529
0.176
-0.119
0.902
0.101
-1.354
0.176
-0.214
0.176
1.025
0.176
-1.13
0.052
1.243
-0.16
0
0.983
0
0
0.176
1.79
-2.471
0
0
0.074
-0.437
-1.846
-5.8
0
0.072
-0.247
-0.171
-0.195
0.808
3.82
0.407
-1.13
-0.761
0
0
-0.142
-1.147
0.407
-9.633
-0.354
0
0.861
-3.198
0
0.176
-0.834
1.825
1.232
0
0.176
2.269
0.407
0.478
0.29
3.259
-0.109
0.176
0.176
-0.532
0.415
0.478
-3.487
-1.774
0
0
0
2.771
0
-0.416
0
-1.122
0.407
-2.4
9.304
-0.031
2.485
0
-5.17
0
1.725
0.176
0
-0.939
0.268
-0.765
0
-0.765
-0.602
0.176
1.581
-0.307
0.176
0.251
0.478
0.968
-0.498
0.176
0.407
0
-3.325
0.227
-0.356
0.176
0.176
0.956
2.922
0.176
0.358
0.407
0.176
0.176
-3.108
-0.549
0.176
0.478
0
0
0
0.29
1.446
0.67
1.872
0
5.114
0.478
-2.417
0.176
0.019
2.056
0
-0.214
0
0.176
-1.439
0
0
-0.907
0
1.066
0.176
0
0
0.418
0
0.59
6.34
0
0.466
1.38
0.467
0.478
0
0.308
0.517
0
0.176
-0.214
-0.068
-0.433
0
-1.207
0
-4.999
-1.101
-0.214
0.478
0.103
0.768
4.095
-4.162
-0.786
0.019
0
0.336
0
0.176
-8.359
1.028
0.407
0
4.072
-0.804
0.407
0.176
0
0
0
-0.109
-0.284
0.176
0
-0.209
2.764
0.668
0.176
-9.836
-0.105
0
3.254
0
0
-0.214
-1.517
0.176
0.766
2.342
-4.573
0.176
-0.561
0
0.072
0.176
1.765
-1.6
1.931
-1.13
3.215
-1.552
0
0
1.395
-6.731
2.671
0.106
0.632
0
1.673
0
0
0.694
2.989
-0.109
0
-6.713
0.176
0.829
-1.025
0
0.072
0.176
1.093
0.458
-1.289
-3.718
0
-0.331
0
1.226
3.942
0
0.624
0.675
0
0.29
0.264
0
-5.692
-6.22
0.632
0
1.228
0.156
-0.214
-1.31
-0.226
-0.575
0
1.403
-2.471
0
-0.218
0
0.176
0.176
0.176
1.171
-0.417
0
0.264
0
0.072
0
-0.214
0.046
0.176
0.176
0
1.04
0.036
0.401
0.478
0.176
0
-1.033
0.766
0
0.467
-0.142
-0.138
1.858
0.072
0.176
-3.518
0.957
0
0
0.478
-0.437
0
0.407
0
0
2.619
0.669
-0.488
1.168
2.839
-0.214
2.784
-1.13
-0.189
-1.958
0
-0.196
4.061
-0.214
1.247
0.818
0
2.217
0
-0.142
2.086
-1.829
1.765
0.013
0
0
-2.31
-0.708
-0.534
-2.183
0.675
0
0.407
0
0.176
0.407
0
8.262
0.176
0.861
-0.487
0.839
0
1.662
0.514
0
0.704
-0.189
0.337
0
0.407
0.407
0.072
5.046
3.362
0.853
0.478
0.407
-2.207
0.176
0
-1.13
0
0
-0.214
0.208
0.478
0.176
0
6.051
0
0
0.176
0.407
0.407
0.407
-1.82
0.407
1.373
-0.109
0.072
0.248
4.013
0
-1.823
0.478
0.483
0.049
-4.999
1.7
-1.6
0
0.597
0.478
0
0.873
3.827
0
0
0.407
0
1.243
-0.196
0.012
1.03
-0.323
-0.093
0
0.227
-1.016
0
0.176
0
0.176
-1.13
0
0
0.176
-2.412
-0.214
0.041
-4.752
0.072
-0.214
0.899
0.82
-3.198
0
-1.802
1.752
3.235
1.153
-1.178
0.182
0
-4.789
1.994
0.176
1.655
2.077
0.675
-0.578
-0.533
-0.214
0.176
0.895
0.407
1.475
0.072
-0.27
0.407
-0.214
1.649
0
1.01
-1.503
-0.109
1.169
-0.279
-0.214
-0.967
-1.13
0
0
0.632
-0.214
-10.823
0.176
-0.634
0.704
1.495
-0.5
0
0
-4.999
0
0.294
1.171
0
-4.553
-1.78
-3.414
0.757
1.349
0
1.697
0.705
3.313
0
0.3
0.176
-1.13
-0.729
1.738
1.025
-1.624
0.176
0.407
0
-0.609
-1.13
0.176
0
0.53
0.176
-2.229
-3.669
0
0
0
0.215
0.176
0
0
3.187
0.176
1.649
-1.694
1.134
0.176
0
-0.109
4.985
-0.214
0
3.844
0
1.09
-0.189
4.278
-1.134
0
0.176
0.325
0
1.547
-3.085
0.072
2.007
0.407
0.75
1.399
0
0.176
-0.274
-2.85
-1.367
0.407
0.19
-1.919
0.176
2.714
0.176
3.447
-4.708
0.953
-0.214
0.176
0.514
-1.122
-5.354
-7.961
-1.218
-3.494
0
0.176
0.176
0.478
1.394
0
0.442
-1.122
-3.067
2.671
-0.621
0.521
0
0.072
-3.71
-2.471
-1.389
0
0.176
1.243
-3.669
0.051
0.467
-0.288
0
0.538
0.063
-0.229
0.478
0.885
0
0
0
-0.331
-0.931
-3.669
0.657
0
0.586
0.58
0.873
-1.025
-0.322
0
0.176
2.136
-0.988
-2.63
1.277
2.847
-0.839
-1.13
-0.194
1.772
0.176
1.108
0
0.072
-0.595
-0.093
0.479
0.902
0.407
0
1.393
-0.987
0.478
-1.24
0
0.641
0.407
0
-0.026
1.945
0
-1.593
0
0.29
-3.28
0.478
0.647
-0.261
-4.752
0
0.673
0.181
-1.444
0.643
0.478
-0.214
1.269
0
0
0.23
0.407
0.176
2.193
0.407
0
0
-4.999
0
0.407
1.006
0.176
-0.214
-0.214
0
-4.279
0.176
0.176
0.9
1.93
0
-1.207
-0.652
-1.127
0
5.265
0.072
0.842
-1.666
1.853
-0.214
0.687
1.12
-0.214
0.766
0
0
-1.943
-1.063
-4.999
5.036
-0.428
1.093
0.176
0.705
0
0.324
0.418
-0.408
-0.044
0.478
1.228
0.176
2.908
0.632
0.307
0.227
1.888
0
-1.652
0.632
-1.033
-2.689
-0.531
0
0.041
0
0.176
0.485
1.171
0.594
0
0.791
0.514
1.528
0
0.176
0
-0.033
0.407
-0.457
2.083
4.354
-0.907
3.006
-0.001
0.176
0.766
2.539
0
0.383
0.369
0.176
1.039
0.669
0.704
-0.214
-1.199
0.461
1.093
6.21
0
0.351
3.129
0.883
0.176
0
1.923
1.475
0.699
-0.109
0.28
0
0.072
-1.13
0
0.407
0.176
0.06
-0.564
3.474
-0.214
0.523
2.13
0.764
0
0.383
0.571
0.176
-0.356
0
-0.323
0.176
0
0.478
-0.429
1.826
-0.263
0
-1.071
0.18
3.013
0
1.507
-0.214
-0.844
0
3.259
1.232
0.036
0
0.407
0
0.176
0
-2.181
-0.563
4.976
0
1.006
0.478
2.786
0
3.296
0.176
0.176
0.085
0.632
1.11
-0.214
4.774
-0.214
0.466
-0.012
-0.223
0.023
-0.031
-1.35
0.883
-0.178
0
0.9
0.466
1.1
4.126
0
0.478
-3.601
-1.226
-0.214
-0.307
-1.239
2.265
0
0.013
3.026
0
0.407
-0.189
0
-0.093
0.344
0
0.041
-1.13
0.176
0.176
0.176
-1.13
0.052
0.072
0.466
0.072
0.994
-0.214
-1.13
-0.411
0.478
0
0
1.485
4.019
0.074
0
0.177
0.018
0.669
-0.512
0.407
0.176
0.176
2.585
1.207
1.309
-2.594
0
0
0.632
-0.109
2.16
0
0.677
0.487
0.968
-0.214
-0.214
0
-0.214
0.072
-3.515
-0.109
-0.859
0
-0.031
0
0
-0.429
2.723
0
-0.214
0
0.175
-0.982
0
0
0
0.287
0.407
-2.636
5.0
-3.198
-0.659
0
0
-0.065
-1.183
0
-1.207
3.215
1.881
2.279
-0.174
2.908
4.008
-2.561
0.478
0.407
0.324
-2.547
1.308
2.618
5.761
0
1.091
2.391
0
0.176
0.176
0
0.29
0.18
0.333
0.29
1.216
0.407
0
0.882
-0.761
-1.917
0.29
0.176
0.407
-0.173
0
0
0
0.407
0.176
2.236
0.937
0.331
2.086
0.176
0.478
0
0.478
-0.524
-0.214
-0.62
0.036
0.321
0.053
0.632
0
0.176
-0.652
-0.019
0.176
0.873
-0.652
-0.274
-0.065
1.968
0
-1.044
0.879
0.176
1.173
-0.026
0.072
0.176
-4.963
-1.367
-0.652
-0.834
-0.092
1.72
-1.426
0.509
0
-0.214
0
1.761
-0.37
-0.214
0.632
0
0
-1.886
0.533
-0.39
-1.753
0
-1.13
0.466
-1.276
0.372
0
1.94
0
-1.159
0.407
0.478
0.478
0.407
-1.122
0.407
0.902
1.698
0.176
0
2.619
0.036
0.628
0.221
3.026
-1.525
-0.214
1.567
0.114
0
0
0
0.176
-2.636
0.176
0
1.465
0.163
4.985
-0.214
-1.13
-0.846
2.302
-0.214
0
0.176
0
0
-0.907
0.883
0
0.478
0.407
0
0.935
0
0.904
2.213
0
0
0.809
0.176
0
-11.063
2.235
0.29
-0.344
2.27
-2.549
0.832
-0.1
0.176
0
0.915
-0.214
0
-0.429
-0.729
-1.199
0
0.182
0
0
-1.236
0.004
0
0.041
0.498
0.176
2.565
1.099
0.176
4.095
0
-0.214
-0.783
0
0.907
-0.398
-0.485
0
0
0
0.898
3.641
0
0.176
2.493
0.694
0.176
0.072
-0.109
0.704
-1.395
-3.977
-5.669
1.705
0.077
0
0
-1.122
0
0
-1.003
0.546
-0.356
-3.053
0.176
0
0
4.226
0
2.255
-0.774
0.766
-1.872
0
0.176
0.252
0
-0.62
0.991
0.791
0
0
0.709
-0.62
2.149
1.09
-0.214
0
3.471
0.704
0.466
0
-1.036
-0.621
0.766
5.424
-0.341
0.45
-4.999
0.041
0
0
1.081
-0.62
0
2.316
-0.551
0.896
0.176
0
0
0.991
0.076
1.078
-1.13
-2.334
-2.147
2.591
-0.214
1.147
0
-1.147
0
0.466
0
0
0
1.722
-0.774
-0.944
-0.214
0.407
0.442
0
0.176
2.398
-1.336
-0.214
-2.809
0.819
-1.919
-0.214
2.712
0.176
-1.169
-0.296
0.336
-0.065
-0.668
0
0.176
-1.13
-0.214
-0.627
1.99
2.758
0.902
-0.237
0.308
0
0.478
0.478
0
0.407
0.407
0
0.407
0
2.042
0.29
0.9
-0.356
0.176
2.898
0
0.407
3.069
0.072
0
0
-0.647
0.768
0.478
0
0.956
0
0.478
-0.323
-1.166
0.478
-3.669
-4.999
0
-0.214
0
0
0
-5.164
0.176
1.926
-0.214
0
1.693
0
0.176
0
2.209
0.692
0.466
0
-1.13
0.407
-1.569
0
0
-7.875
-3.508
2.105
1.826
0.54
0.176
-2.295
-0.109
-0.27
-0.042
0.308
-1.13
-0.823
0
-0.997
-1.13
0
1.11
0.176
-0.109
0.235
0.156
0
0.478
0.691
0.628
0.478
0.478
1.361
0
0.176
7.124
-3.977
-0.214
-3.198
-2.54
0.324
1.247
0.478
0
0.029
-0.437
0.407
0
-0.214
-0.418
0
-0.214
1.569
0
1.127
-4.816
0
0
0.072
-0.024
0.9
-0.933
0
0
-0.344
0
0.176
-0.214
0.176
0.176
0.766
0.176
0.407
-1.336
2.771
1.171
0.631
1.026
0
-2.534
0.466
-0.214
0
0
1.638
0.176
2.263
-1.929
-3.019
-0.764
-0.024
-0.419
-0.214
4.838
-0.246
0
0
-1.028
0
-2.044
0.559
-1.919
0.407
0
0
0
0
-0.03
-2.028
0
-0.288
-0.652
0
2.417
-0.214
-2.471
0
0.418
3.334
-4.61
0.9
0.687
0
-1.393
1.21
0.66
0.176
0
-0.947
1.108
0.407
0.452
0.176
-0.62
2.342
0.407
-3.822
2.637
-0.109
1.315
2.89
0.597
3.603
-1.904
1.106
-2.73
-0.652
2.269
-0.214
0
-0.214
0.342
-0.282
0.428
-0.109
0.176
1.919
-0.019
0
0.53
2.307
0
0.342
4.858
0
-0.214
0.176
1.334
-1.506
-0.539
-5.104
0.464
-0.214
0.108
-6.51
0.407
-0.332
-0.214
2.801
-1.044
0.176
-3.628
-0.62
0
2.27
-2.172
-0.113
0
0.176
-0.214
1.243
-2.348
0.956
-0.428
-0.56
0.176
-0.774
-1.207
0.607
5.115
-0.109
1.261
0.176
0.076
1.296
-0.977
0.176
1.007
-0.226
-0.67
3.391
0
0.407
-0.714
0.466
1.447
0.299
0.99
0
-1.741
0.467
-0.549
2.108
0.279
1.72
-11.881
0
5.922
0.407
-4.459
0
0
2.342
0.694
0.814
1.475
0.017
-2.643
3.561
1.202
1.494
-0.761
0.176
2.039
1.189
-4.877
-0.774
-4.009
0.176
0.529
0
0.225
0.395
-0.214
-1.411
0.978
0.072
0
0.264
0
0
2.411
1.037
0.55
0
0.176
0.072
0.466
6.34
-3.198
-1.242
0
-0.561
-0.109
0
0.407
0
0.176
0.407
-3.151
0.876
-4.637
0.176
1.913
0.965
0.049
-0.109
0
0.176
-0.525
-3.788
0.643
0.687
0
0.176
-2.224
0.407
0.407
0
-1.242
0.407
0.478
-1.19
1.475
0.478
-0.531
-0.759
0
2.784
0
0
-0.109
-0.368
2.801
0
1.099
1.826
0.252
-4.999
0
-1.798
0
0.416
0
0.407
0.886
0
-0.288
0.176
2.099
0
0
-0.563
0.398
0.176
0.407
-0.709
-3.085
-0.037
0.132
-1.956
0.182
0
0
0.072
-0.341
1.633
0.514
0.176
0.55
0
0
0.103
-1.13
0
0.396
0.176
3.013
-0.214
1.655
0.126
-3.669
1.777
1.613
-2.32
-3.977
1.529
0.072
0.017
1.292
0
0.176
0
0.853
-0.834
0.405
2.541
-0.907
-1.13
4.825
0.286
0.072
1.53
-0.214
0.342
0
0.341
2.651
0
0.407
-0.734
3.849
0.521
0.176
-0.359
0.024
0.38
1.46
-0.125
-1.13
-2.147
0
-0.56
-2.602
0.407
0
0.624
0
0.211
0.08
-0.214
0
0
0
0
0.774
-4.752
-0.214
0
2.841
0.833
0.912
0.072
-0.109
0.072
-0.109
1.377
7.897
0
0
0.447
1.477
-4.882
0.176
3.006
0
0.176
1.6
-1.335
0.478
0.19
-0.033
0.315
-4.982
-0.774
0.466
0
3.026
1.147
1.11
0
-0.428
0
-0.182
0.223
0.536
0.176
0.176
0.176
0.176
-0.214
1.475
0.407
-4.999
-0.184
-0.774
0
4.051
1.967
0.407
0
0
0
0.176
1.243
-0.663
0
3.62
3.559
-0.529
1.171
0.885
-0.612
-0.109
-0.652
1.474
-0.109
0.407
0.176
0.176
0
0.429
0
-0.97
0.407
-0.428
0.848
-0.708
-0.437
1.145
-1.207
0.176
0.176
-1.289
-1.272
0
0.176
0.265
0.176
-2.358
0.704
0.957
0
0.407
0
0.314
4.929
2.184
0.139
0.51
1.289
-0.189
4.722
0.176
1.238
0.478
2.585
1.394
0
0
-0.184
0
-0.561
-0.151
0.081
0
0.407
-0.617
0
-0.356
4.43
0.176
0.826
