4.308
0.146
0.618
0.448
-0.907
-1.177
2.416
1.658
0.93
1.033
5.106
4.117
0.132
1.87
1.904
0.618
3.303
0.992
0.974
1.852
0.039
-0.116
3.894
2.943
1.681
0.343
0.436
1.576
2.115
2.074
1.3
-0.123
0.933
2.149
0.656
0.246
0.283
1.573
-5.241
4.251
2.435
1.726
1.509
1.262
-0.667
-5.241
-0.034
0.767
1.113
0.917
0.365
0.607
1.214
-1.57
-1.356
3.76
1.093
0.584
2.07
0.952
0.681
2.753
3.223
2.679
0.59
1.553
0.632
0.453
-5.241
0.155
0.742
1.553
0.841
2.149
1.228
1.441
-1.16
2.235
0.47
-1.488
0.656
0.785
-0.379
0.109
-0.301
-0.487
2.743
0.44
0.262
0.402
-1.179
2.801
-5.241
-0.869
-0.417
0.229
0.719
0.908
2.694
-0.709
5.701
-0.894
1.597
1.117
-0.033
-7.113
2.539
2.79
-0.325
-0.575
1.763
1.103
0.864
1.097
1.038
-7.363
7.322
-0.041
1.082
1.496
3.098
0.353
-0.462
8.535
1.615
-1.188
-4.625
-5.241
1.766
1.432
0.714
1.428
3.067
2.354
-0.865
1.954
0.265
0.325
0.772
1.809
1.559
-0.445
2.007
1.913
1.96
-3.098
0.802
0.193
2.099
2.074
1.219
0.84
-1.717
-0.841
-1.717
-1.717
-1.801
-1.801
-1.801
-0.475
-0.555
-0.997
-1.176
0.916
1.322
1.988
-0.503
1.08
2.397
-0.72
0.482
-0.34
1.878
1.007
1.642
1.416
1.626
-0.997
0.25
0.369
1.654
3.003
0.949
5.33
7.072
-1.137
3.425
1.506
3.144
1.339
1.395
0.111
1.603
0.938
0.177
1.195
-0.487
-3.384
-5.241
-0.411
3.393
1.017
1.893
-1.14
0.393
2.773
1.16
0.749
0.913
1.509
0.599
-5.241
1.982
0.913
2.181
0.821
0.724
-5.178
-0.121
0.763
2.937
0.607
0.987
1.586
1.301
3.705
-5.55
2.177
1.763
2.013
2.23
2.078
0.928
-0.368
-0.232
2.139
2.999
1.648
0.952
1.472
0.879
2.182
1.451
-0.601
0.44
-0.102
-0.555
0.365
1.207
-5.241
0.075
2.037
10.819
0.918
2.355
6.273
1.6
-0.077
0.841
1.796
2.116
2.132
-5.468
-0.178
-5.241
1.918
0.34
-5.241
0.8
-5.241
-0.838
1.529
2.091
9.029
0.438
0.681
0.163
0.277
1.574
-1.383
2.006
1.403
2.947
0.057
1.815
0.386
1.857
-5.241
-0.956
1.829
2.046
2.929
-5.241
2.139
0.302
1.851
2.519
-0.264
1.343
1.613
2.679
4.127
-5.241
4.461
0.072
1.34
-0.846
0.209
0.343
-5.241
2.148
0.39
-1.616
0.863
-5.241
1.472
1.222
1.898
0.853
6.238
-10.602
1.165
-0.325
-5.241
-1.606
2.059
0.025
-5.241
-5.241
3.367
1.828
0.783
-1.757
1.284
-5.241
1.491
-5.241
1.134
-5.241
0.82
0.968
1.003
-0.598
0.652
3.015
1.686
1.34
0.172
-0.101
-5.241
2.776
3.976
9.199
-0.153
0.498
-2.269
0.858
-5.241
-0.494
-5.241
-5.241
0.818
-5.241
-5.241
-5.241
1.184
-0.311
2.108
-5.241
-0.258
5.878
-0.353
0.701
-5.241
0.847
-0.062
-0.508
2.44
1.213
1.508
0.728
-5.241
-0.594
0.579
0.529
1.238
-5.241
0.386
0.782
2.467
1.182
1.804
0.668
1.674
0.631
2.157
0.075
-3.664
0.837
1.532
1.329
0.689
0.494
1.301
0.385
0.11
-5.241
0.304
1.171
1.491
-1.983
0.86
1.194
0.393
0.593
0.343
-1.231
3.232
1.94
-5.045
0.99
1.32
-5.241
0.513
-5.241
1.658
1.064
0.218
-0.263
-0.041
1.032
7.246
1.431
1.771
-1.155
0.654
2.116
-0.724
2.618
0.432
1.882
1.795
1.987
-1.387
4.611
1.623
4.524
-5.241
0.908
0.938
2.048
-5.241
1.523
1.47
1.015
1.673
-5.241
-2.98
2.405
1.943
1.309
1.381
1.38
1.747
0.505
0.53
1.418
2.191
0.511
0.409
1.206
0.574
-2.912
-5.241
5.652
0.134
-1.461
0.903
0.497
1.21
0.612
-1.712
0.886
0.28
1.424
0.9
-0.566
2.326
-0.078
-0.006
0.146
-5.241
-2.636
1.853
1.728
1.393
-0.944
5.349
1.006
1.856
5.749
-2.773
1.767
1.54
0.702
0.794
-3.116
0.35
1.934
1.623
-0.002
1.335
2.048
2.013
2.03
-1.606
1.874
1.152
2.086
1.806
1.387
-0.8
-1.007
1.023
0.639
0.07
2.871
2.138
3.118
-0.536
-0.799
-0.628
0.471
2.727
-5.241
0.697
0.818
2.758
1.969
1.316
1.8
1.411
1.06
1.957
1.426
-0.258
1.38
1.511
1.022
1.373
1.969
1.649
-5.241
5.963
0.432
2.132
0.752
1.593
5.349
0.951
0.736
2.425
1.873
-0.133
0.384
-1.34
-0.299
4.24
0.553
0.841
1.204
1.49
0.264
2.914
-0.556
-5.241
1.986
1.605
1.18
0.938
1.236
2.578
1.815
1.183
0.869
1.234
-0.834
2.783
1.686
-0.989
-4.991
0.444
-5.241
-0.26
1.157
1.2
0.707
0.966
-0.112
2.177
2.668
0.371
0.971
0.661
-0.331
1.381
1.18
-0.38
2.193
3.703
-0.435
1.618
2.129
2.303
2.132
0.993
0.653
2.2
0.57
-3.075
-5.241
-1.461
0.788
0.887
0.756
-5.241
0.845
0.622
1.536
1.428
2.177
0.854
1.701
0.013
-1.155
3.846
-5.241
1.084
1.589
1.842
1.222
4.126
0.317
-5.241
0.29
0.589
1.609
0.92
2.281
-1.716
-0.188
0.075
1.573
2.961
0.81
1.302
0.718
1.668
2.727
1.573
2.02
0.435
1.641
-0.183
0.134
2.096
-2.213
-0.57
-5.241
2.755
1.267
-0.289
2.871
0.837
0.131
-0.419
-0.257
0.094
-1.454
1.301
1.696
1.997
0.518
1.168
3.729
3.444
1.915
-5.468
1.83
1.033
0.754
0.361
1.47
2.085
-8.76
3.591
0.958
0.925
0.999
1.019
2.401
-5.241
-5.241
0.524
2.538
-0.756
3.919
-5.241
-0.222
1.714
1.805
3.612
-0.426
1.083
0.081
2.283
1.619
0.802
0
-5.241
0.199
1.27
-3.188
1.755
0.85
3.78
-5.241
0.406
0.644
0.741
0.093
-0.31
1.131
4.247
-5.241
1.119
0.562
-0.809
-0.488
1.679
1.299
2.863
0.831
1.179
-1.162
1.674
-0.372
-5.241
-1.043
2.833
1.524
2.439
1.884
-0.377
4.695
-0.57
-0.925
2.755
0.795
2.681
0.315
0.074
-5.241
1.18
1.165
2.208
0.679
1.573
1.587
1.756
0.639
-5.241
-1.055
1.4
0.604
-0.055
1.538
1.714
-0.871
-5.045
1.818
1.594
1.587
5.163
-1.155
0.778
0.777
1.47
0.673
-5.241
-0.958
1.345
0.928
-1.122
2.597
1.951
4.648
0.229
-0.329
16.042
-0.066
1.97
-5.241
0.088
-1.097
-0.988
2.436
-5.241
2.369
1.104
1.104
1.104
-5.241
2.659
2.621
1.743
0.566
2.409
-1.006
5.2
1.139
-0.961
-5.241
-0.594
0.134
0
2.025
-0.35
-0.819
4.695
-0.561
0.343
1.721
0.663
-0.38
-1.35
-5.241
-5.351
-0.885
-1.289
0.976
-5.241
0.743
3.504
-5.241
5.38
1.285
0.737
0.146
0.726
3.738
-1.155
7.731
-5.241
-1.155
1.908
-5.241
1.864
0.627
-0.941
-1.155
2.845
7.345
-1.155
-5.241
0.553
1.316
2.552
2.53
1.23
6.616
0.322
1.366
1.233
0.478
5.39
2.659
0.375
1.146
0.932
-1.626
-1.02
-1.055
1.427
1.782
1.816
1.343
0.016
1.475
-5.468
1.364
0.098
-5.241
2.804
-0.858
-0.832
-0.535
2.022
-5.241
-0.873
0.338
-5.241
0.701
-5.241
-5.241
13.949
-2.217
-5.241
-5.241
-5.241
1.707
1.102
-5.241
0.161
0.559
1.707
4.613
1.234
4.624
-0.065
1.057
-1.15
1.315
1.243
1.01
1.249
0.405
2.017
1.325
1.597
1.561
2.232
3.122
0.711
0.695
-10.124
1.377
-5.241
0.051
2.123
0.079
1.47
-5.241
-5.241
2.971
0.155
0.042
-5.241
2.721
-0.365
1.701
-0.313
2.399
2.908
-0.359
-5.241
0.098
1.109
4.763
1.509
0.423
1.587
3.118
-5.241
1.451
-0.171
0.671
-2.214
1.074
2.796
1.203
0.112
2.461
-5.241
-5.241
1.583
1.676
1.705
0.256
-5.241
3.736
-2.053
1.796
2.833
0.553
0.553
-1.035
0.425
0.112
-0.085
0.643
1.515
1.136
-5.241
2.685
1.743
0.471
1.099
-5.241
2.078
2.152
0.098
3.514
0.793
0.544
0.823
-0.849
-0.336
-1.26
2.458
1.83
2.589
0.552
5.304
-1.152
5.101
-4.07
1.234
1.524
0.647
0.031
1.821
1.302
0.287
2.185
-3.285
0.427
2.946
-2.139
0.384
-5.241
0.88
3.059
-9.936
2.339
1.616
-0.558
-0.368
-1.198
0.588
-5.241
9.56
-0.398
-2.438
1.654
1.512
-5.241
1.708
-0.139
1.657
1.614
2.031
-2.626
-5.241
-1.251
-2.615
-5.241
2.471
3.734
1.815
1.829
1.306
1.097
3.242
-0.571
1.491
2.66
1.496
-0.313
-0.38
1.938
1.787
2.077
-5.241
0.633
1.48
1.751
1.306
-1.002
-1.252
-5.241
-0.522
0.305
3.393
1.845
0.647
-5.241
1.279
1.985
-0.236
1.246
1.246
-5.241
0.852
0.863
8.548
1.359
2.874
1.29
1.524
2.541
0.817
3.983
-1.245
-0.509
3.974
0.217
2.766
1.367
2.241
2.43
-1.986
2.043
1.496
1.725
1.075
-0.163
1.779
0.676
0.144
0.844
5.679
-0.443
-5.241
-4.991
-0.641
0.191
1.943
-5.241
0.817
0.882
0.781
1.161
-5.385
-5.241
0.104
0.066
-3.008
-0.48
0.066
2.275
0.742
0.435
1.573
-5.241
-5.241
2.347
2.514
-0.92
0.86
0.158
2.06
0.523
2.36
2.322
0.634
-5.241
0.797
0.621
1.248
0.709
4.913
8.022
-0.603
0.228
0.539
1.738
-0.175
-0.876
-0.527
-3.216
1.826
1.013
1.742
-5.241
0.279
1.221
1.619
3.302
0.934
1.469
4.809
0.703
1.03
2.159
0.227
-5.241
-0.725
0.929
1.293
1.537
1.116
-4.991
1.836
-5.241
0.397
1.131
-5.241
1.609
0.235
0.861
2.33
1.495
-2.669
0.376
2.931
3.829
0.134
-5.241
1.02
-0.8
1.681
4.599
4.139
4.139
1.27
1.27
0.728
0.951
5.414
-5.241
1.132
2.718
1.616
1.262
3.428
-5.241
-0.762
1.586
1.613
0.24
1.561
1.8
-5.861
2.647
2.013
2.698
2.495
3.352
1.2
0.691
0.929
2.213
2.679
0.699
-0.166
-2.865
5.047
1.928
-5.241
0.372
-0.287
-0.535
2.876
2.369
1.678
0.428
-5.241
0.821
0.774
-0.489
-4.991
-0.584
-5.241
3.1
3.196
2.604
1.985
2.408
1.585
-0.534
0.547
0.322
2.643
0.602
1.49
0.322
1.335
2.158
6.094
0.072
2.988
2.824
1.05
0.368
0.475
1.101
1.792
2.755
-5.241
0.791
1.989
1.538
-5.241
0.945
-5.241
0.279
-5.241
1.308
0.075
0.039
0
-5.241
1.922
-1.493
0.672
0.409
1.795
0.535
-5.241
0.966
0.709
-5.241
2.239
1.06
3.417
1.536
1.458
1.644
1.394
-5.241
-5.241
-0.254
0.711
-1.014
1.292
8.33
1.044
3.889
-0.803
1.381
-5.241
0.023
-0.155
-3.678
-5.241
-0.8
2.518
1.289
-5.241
-5.241
1.137
2.741
2.659
-5.241
3.695
4.866
3.307
2.268
0.588
-5.241
1.034
1.333
0.528
-1.333
2.451
0.201
0.985
1.309
2.188
1.392
0.873
-0.338
-2.186
-5.241
2.447
1.882
0.806
0.936
3.776
2.269
-1.051
0.797
0.102
-0.676
-5.241
1.412
1.59
3.088
2.574
-5.241
2.288
-1.64
-5.241
1.511
1.56
0.915
1.982
-0.904
1.989
1.17
1.47
-5.241
1.828
1.592
1.718
2.312
1.609
-5.241
2.042
-1.395
-0.252
-4.269
1.586
1.507
0.888
0.881
3.863
3.087
-5.241
2.563
0.07
1.54
-0.244
-4.635
-0.838
1.552
1.685
2.138
1.17
-5.241
2.918
1.509
1.421
-1.857
2.127
1.732
-5.241
4.285
1.888
1.075
0.393
1.018
1.654
-5.241
1.714
1.783
-0.476
-0.325
1.336
0
1.422
1.172
1.209
-3.984
3.542
1.067
6.442
-5.241
-5.241
-3.003
3.067
2.761
0.163
0.353
-0.516
0.376
-0.554
1.19
0.441
-0.969
-0.942
1.776
0.971
-5.241
1.146
-0.657
1.268
0.43
0.29
1.193
1.744
1.267
0.07
1.397
-5.241
3.796
-5.241
0.363
1.676
0.455
0.663
1.824
-4.011
-3.038
0.929
0.929
0.715
0.929
1.657
-2.494
-5.241
0.264
1.838
0.338
2.794
3.045
-1.035
-4.668
-5.241
-0.336
-5.241
-5.241
2.532
1.102
1.895
1.768
1.803
0.318
-0.979
-0.763
-0.281
2.185
2.558
-1.581
0.969
5.148
8.602
1.603
1.233
2.662
3.118
-5.241
1.104
5.825
-5.241
5.148
1.882
1.175
2.063
1.67
2.329
-0.557
4.343
0.575
-5.241
5.754
-5.241
-2.416
2.0
2.434
-3.332
0.835
-0.228
1.995
1.045
2.617
1.273
-5.241
2.828
-5.241
1.376
1.126
1.263
-0.247
0.84
1.368
0.124
-0.71
-5.241
-5.241
3.048
1.907
1.141
-0.149
-1.13
-0.629
0.718
0.792
-3.488
0.841
1.212
0.59
1.46
0.949
-5.241
-5.241
-5.241
-5.241
0.511
1.167
2.29
2.288
-0.167
-5.241
-0.417
2.547
1.33
1.893
-2.423
-0.955
-0.755
0.184
-5.241
-5.241
3.131
1.94
0.896
-3.548
2.339
0.29
-5.241
-5.241
1.994
2.57
0.86
1.534
1.425
-0.424
0.145
3.998
-1.424
1.319
1.277
0.509
-1.142
0.259
2.244
2.973
-5.241
2.441
0.233
-0.014
0.749
1.123
-5.241
1.382
-0.49
-0.462
1.821
1.677
1.129
-5.241
13.123
1.763
1.049
1.967
-0.349
0.516
0.047
-5.241
1.129
2.435
1.779
0.627
1.274
0.7
-1.364
1.673
-5.241
3.965
-1.177
1.555
2.925
-5.241
-0.566
-0.15
1.122
1.511
-5.241
-0.665
-5.241
4.139
1.444
-0.317
1.021
2.325
3.475
4.424
-0.72
0.996
1.129
-0.121
-0.871
0.619
-0.97
3.705
2.532
4.308
10.192
-0.886
1.652
0.072
1.722
-1.274
-0.777
-5.241
-0.481
2.436
0.547
0.664
-0.048
0.836
3.153
-0.071
0.117
0.69
-5.241
-3.796
0.812
-5.241
0.979
7.006
0.136
-5.241
-5.241
1.097
-0.008
1.097
0.07
-5.241
7.173
0.209
4.681
-1.42
0.785
3.356
2.57
-5.241
2.107
-5.241
0.081
-0.611
-5.241
2.693
-5.241
1.524
2.634
1.709
1.529
5.569
2.348
1.413
2.205
-5.241
0.098
-1.345
1.558
3.593
0.837
1.824
2.31
2.538
-0.46
2.754
1.367
1.845
1.627
1.537
0.981
-5.241
5.238
3.773
0.566
-0.197
3.176
0.594
0.016
1.869
1.152
2.021
1.084
-5.241
0.324
-5.241
1.021
1.525
0.619
2.199
-2.021
2.985
1.048
1.084
-4.991
-5.241
2.055
1.142
-0.584
6.184
0.927
1.816
0.914
3.825
2.936
-4.273
-0.556
0.812
1.795
1.179
1.138
2.738
-1.09
1.433
1.697
-2.132
2.02
1.962
-5.241
1.942
-5.241
-5.241
0.635
2.827
2.273
-0.744
-0.475
2.465
0.561
0.489
0.542
2.06
1.629
1.521
1.618
0.236
1.945
0.836
0.593
4.004
5.223
3.207
3.474
-0.044
-0.083
3.224
0.35
-5.241
0.221
-5.241
2.931
4.76
-5.241
-1.188
-1.354
2.161
3.41
-5.241
-0.805
1.152
0.841
1.305
1.977
0.631
0.686
-5.241
0.613
-1.029
3.704
0.254
0.661
2.098
1.582
-5.241
-0.787
-5.241
-3.796
0.955
1.759
1.782
-5.241
-1.477
2.866
-4.424
-0.044
0.362
-0.116
-0.5
3.545
-5.241
-1.09
0.775
4.346
0.165
2.663
-5.241
-0.723
2.629
0.887
4.139
1.49
1.546
-1.599
1.216
-0.263
0.27
0.833
2.07
1.588
1.511
1.194
-5.241
1.884
-0.126
1.393
2.032
0.95
0.225
1.147
0.124
0.465
1.584
1.617
0
-1.686
1.575
0.2
-0.181
-0.094
4.131
1.365
1.682
3.484
0.248
0.04
-0.514
-0.436
0.969
1.509
-1.734
2.891
-0.336
-0.105
-1.486
0.074
0.069
2.234
4.347
-5.241
1.402
-5.241
0.7
4.208
3.295
0.099
1.475
1.477
2.316
-0.899
1.322
-1.687
0.838
0.558
0.779
2.213
1.07
1.049
-5.241
2.715
0.547
0.182
-0.071
3.743
0.724
2.632
0.436
-6.667
0.953
-0.724
0.272
-1.534
-1.035
2.354
0.165
0.233
2.738
3.133
2.244
1.795
1.199
1.075
0.489
1.087
0.568
10.418
2.922
0.857
1.649
2.07
2.96
-5.241
1.161
1.393
0.744
1.411
1.245
2.054
-0.248
3.269
3.019
1.142
-5.241
0.699
0.179
0.179
0.179
-5.304
0.245
0.304
0.809
1.538
